
strategic_region={
	id=107
	name="STRATEGICREGION_107"
	provinces={
		16 159 206 545 590 677 695 1111 1436 1544 1946 1975 2071 2193 2424 2554 2861 2956 3007 3092 3201 3226 3520 3529 3540 3796 3954 4359 4831 4912 4914 5347 5554 5688 5954 5997 6155 6504 6519 6533 6548 6553 6559 6563 6570 6578 6590 6595 6597 6599 6600 6605 6613 6618 6622 6623 6628 6639 6650 6657 6662 6670 6675 6676 6679 6686 6687 6690 6694 6697 6698 6699 6707 6708 6712 6713 6714 6715 6719 6723 6724 6730 6734 6735 6736 6737 6738 6739 6746 6753 6754 6761 6762 6770 6771 6780 6781 6785 6786 6789 6792 6796 6802 6803 6804 6808 6809 6810 6814 6819 6823 6824 6825 6837 6843 6849 6861 6862 6863 6865 6866 6880 6885 6895 6901 6910 6921 6922 6930 6944 6960 6968 
	}
	weather={
	}
}
