
strategic_region={
	id=18
	name="STRATEGICREGION_18"
	provinces={
		24 67 90 111 141 165 168 243 255 334 343 353 363 404 435 526 551 564 611 612 618 626 643 684 768 804 815 831 870 889 898 963 1011 1067 1164 1177 1261 1312 1331 1334 1370 1391 1412 1426 1451 1493 1503 1505 1506 1557 1565 1666 1691 1728 1733 1745 1770 1778 1830 1859 1871 1875 1879 1947 1955 1994 2086 2117 2124 2172 2224 2240 2273 2281 2300 2302 2312 2321 2344 2393 2414 2503 2552 2569 2603 2638 2686 2703 2717 2732 2781 2816 2827 2963 2986 2989 3021 3037 3125 3171 3233 3235 3239 3300 3326 3362 3387 3403 3410 3433 3472 3475 3528 3548 3599 3612 3616 3620 3621 3635 3637 3702 3748 3781 3783 3807 3812 3846 3853 3869 3948 3960 3976 4004 4038 4056 4076 4104 4127 4136 4338 4342 4362 4366 4417 4427 4438 4444 4495 4549 4553 4557 4588 4609 4610 4624 4641 4684 4693 4738 4740 4797 4904 4922 4956 4957 5002 5030 5042 5094 5100 5156 5187 5212 5223 5261 5268 5281 5302 5342 5393 5394 5431 5441 5447 5448 5546 5557 5589 5655 5670 5690 5707 5710 5744 5784 5794 5817 5818 5820 5829 5833 5844 5893 5894 5895 5930 5933 5955 5961 5964 6015 6030 6037 6066 6070 6084 6097 6115 6120 6162 6176 6190 6233 6234 6261 10465 10482 10490 10519 10539 10540 10563 10564 10576 10584 10585 10611 10612 10613 10617 10628 10654 10655 10656 10669 10673 10674 10680 10681 10682 10690 10708 10712 10713 10714 10723 10729 10739 10762 10763 10764 10765 10770 10774 10784 10785 10786 10789 10790 10808 10817 10824 10828 10829 10838 10839 10840 10841 10846 10847 10848 10855 10875 10876 10882 10889 10898 10899 10904 10905 10906 10916 10917 10932 10933 10934 10944 10945 10954 10967 10976 10977 10978 10990 10991 10992 11006 11007 11023 11028 11029 11043 11044 11053 11054 11055 11056 11061 11073 11074 11083 11089 11100 11106 11124 11140 11148 11149 11150 11161 11162 11163 11172 11201 11202 11203 11210 11211 11212 11213 11220 11225 11226 11243 11244 11255 11256 11261 11262 11269 11270 11271 11280 11281 11290 11291 11292 11299 11323 11324 11325 11326 11327 11332 11350 11351 11352 11360 11368 11369 11379 11384 11385 11386 11387 11388 11406 11407 11408 11417 11423 11424 11434 11435 11443 11444 11445 11454 11455 11469 11470 11471 11481 11482 11483 11491 11497 11498 11499 11500 11507 11508 11509 11516 11517 11518 11519 11523 11536 11544 11545 11558 11559 11562 11563 11564 11582 11594 11603 11604 11618 11619 11620 11629 11630 11631 11632 11641 11652 11653 11661 11669 11670 11677 11688 11696 11697 11708 11709 11710 11715 11727 11728 11729 11730 11749 11750 11751 11752 11765 11766 11772 11782 11783 11792 11793 11794 11795 11806 11807 11808 11809 11815 11827 11828 11840 11841 11842 11843 11851 11852 11853 11864 11865 11872 11873 11884 11890 11896 11902 11903 11904 11905 11914 11925 11937 11945 11946 11947 11948 11960 11961 11971 11972 11984 11985 11986 11994 11995 11996 12000 12001 12002 12007 12008 12009 12010 12019 12020 12027 12028 12036 12037 12048 12060 12061 12062 12067 12068 12081 12082 12083 12084 12098 12099 12100 12101 12110 12118 12119 12130 12131 12132 12137 12149 12150 12155 12163 12164 12165 12166 12167 12173 12182 12183 12188 12198 12204 12205 12216 12217 12226 12227 12228 12229 12239 12240 12248 12257 12264 12265 12274 12277 12278 12285 12303 12304 12309 12310 12318 12323 12324 12333 12343 12352 12361 12368 12369 12374 12375 12382 12393 12399 12400 12409 12415 12416 12417 12428 12440 12453 12454 12478 12483 12488 12489 12490 12505 12512 12520 12521 12523 12524 12540 12541 12560 12565 12566 12571 12586 12587 12601 12602 12603 12612 12640 12658 12659 12661 12681 
	}
	weather={
		period={
			between={ 0.0 30.0 }
			temperature={ -10.0 35.0 }
			temperature_day_night={ 2.0 -2.0 }
			no_phenomenon=1.500
			rain_light=0.250
			rain_heavy=0.100
			snow=0.000
			blizzard=0.000
			arctic_water=0.000
			mud=0.000
			sandstorm=0.000
			min_snow_level=0.000
		}
		period={
			between={ 0.1 27.1 }
			temperature={ -10.0 35.0 }
			temperature_day_night={ 2.0 -2.0 }
			no_phenomenon=1.500
			rain_light=0.250
			rain_heavy=0.100
			snow=0.000
			blizzard=0.000
			arctic_water=0.000
			mud=0.000
			sandstorm=0.000
			min_snow_level=0.000
		}
		period={
			between={ 0.2 30.2 }
			temperature={ -10.0 35.0 }
			temperature_day_night={ 2.0 -2.0 }
			no_phenomenon=1.500
			rain_light=0.250
			rain_heavy=0.100
			snow=0.000
			blizzard=0.000
			arctic_water=0.000
			mud=0.000
			sandstorm=0.000
			min_snow_level=0.000
		}
		period={
			between={ 0.3 29.3 }
			temperature={ -10.0 35.0 }
			temperature_day_night={ 2.0 -2.0 }
			no_phenomenon=1.500
			rain_light=0.250
			rain_heavy=0.100
			snow=0.000
			blizzard=0.000
			arctic_water=0.000
			mud=0.000
			sandstorm=0.000
			min_snow_level=0.000
		}
		period={
			between={ 0.4 30.4 }
			temperature={ -10.0 35.0 }
			temperature_day_night={ 2.0 -2.0 }
			no_phenomenon=1.500
			rain_light=0.250
			rain_heavy=0.100
			snow=0.000
			blizzard=0.000
			arctic_water=0.000
			mud=0.000
			sandstorm=0.000
			min_snow_level=0.000
		}
		period={
			between={ 0.5 29.5 }
			temperature={ -10.0 35.0 }
			temperature_day_night={ 2.0 -2.0 }
			no_phenomenon=1.500
			rain_light=0.250
			rain_heavy=0.100
			snow=0.000
			blizzard=0.000
			arctic_water=0.000
			mud=0.000
			sandstorm=0.000
			min_snow_level=0.000
		}
		period={
			between={ 0.6 30.6 }
			temperature={ -10.0 35.0 }
			temperature_day_night={ 2.0 -2.0 }
			no_phenomenon=1.500
			rain_light=0.250
			rain_heavy=0.100
			snow=0.000
			blizzard=0.000
			arctic_water=0.000
			mud=0.000
			sandstorm=0.000
			min_snow_level=0.000
		}
		period={
			between={ 0.7 30.7 }
			temperature={ -10.0 35.0 }
			temperature_day_night={ 2.0 -2.0 }
			no_phenomenon=1.500
			rain_light=0.250
			rain_heavy=0.100
			snow=0.000
			blizzard=0.000
			arctic_water=0.000
			mud=0.000
			sandstorm=0.000
			min_snow_level=0.000
		}
		period={
			between={ 0.8 29.8 }
			temperature={ -10.0 35.0 }
			temperature_day_night={ 2.0 -2.0 }
			no_phenomenon=1.500
			rain_light=0.250
			rain_heavy=0.100
			snow=0.000
			blizzard=0.000
			arctic_water=0.000
			mud=0.000
			sandstorm=0.000
			min_snow_level=0.000
		}
		period={
			between={ 0.9 30.9 }
			temperature={ -10.0 35.0 }
			temperature_day_night={ 2.0 -2.0 }
			no_phenomenon=1.500
			rain_light=0.250
			rain_heavy=0.100
			snow=0.000
			blizzard=0.000
			arctic_water=0.000
			mud=0.000
			sandstorm=0.000
			min_snow_level=0.000
		}
		period={
			between={ 0.10 29.10 }
			temperature={ -10.0 35.0 }
			temperature_day_night={ 2.0 -2.0 }
			no_phenomenon=1.500
			rain_light=0.250
			rain_heavy=0.100
			snow=0.000
			blizzard=0.000
			arctic_water=0.000
			mud=0.000
			sandstorm=0.000
			min_snow_level=0.000
		}
		period={
			between={ 0.11 30.11 }
			temperature={ -10.0 35.0 }
			temperature_day_night={ 2.0 -2.0 }
			no_phenomenon=1.500
			rain_light=0.250
			rain_heavy=0.100
			snow=0.000
			blizzard=0.000
			arctic_water=0.000
			mud=0.000
			sandstorm=0.000
			min_snow_level=0.000
		}
		period={
			between={ 4.11 21.11 }
			temperature={ -10.0 35.0 }
			temperature_day_night={ 2.0 -2.0 }
			no_phenomenon=1.500
			rain_light=0.250
			rain_heavy=0.100
			snow=0.000
			blizzard=0.000
			arctic_water=0.000
			mud=0.000
			sandstorm=0.000
			min_snow_level=0.000
		}
	}
}
