
strategic_region={
	id=105
	name="STRATEGICREGION_105"
	provinces={
		818 926 962 1048 1234 1694 1898 1917 2068 2084 2159 2167 2169 2223 2419 2438 2452 2557 2658 2672 3214 3218 3314 3371 3452 3580 3675 3780 3825 3885 3920 3927 3958 3973 4119 4592 4735 4871 5128 5358 5602 5687 5793 5985 6068 7375 7393 7411 7435 7441 7475 7487 7488 7499 7519 7527 7536 7549 7550 7564 7584 7585 7586 7594 7595 7596 7616 7617 7622 7628 7634 7635 7636 7641 7642 7657 7658 7670 7671 7682 7691 7692 7696 7697 7705 7724 7725 7739 7740 7759 7760 7761 7768 7769 7780 7781 7790 7801 7825 7830 7831 7832 7833 7843 7894 7895 7896 7897 7913 7922 7923 7951 7952 7963 7972 7992 8008 8033 8045 
	}
	weather={
	}
}
