
strategic_region={
	id=106
	name="STRATEGICREGION_106"
	provinces={
		148 566 645 675 842 867 883 908 1053 1149 1244 1245 1508 1561 1578 1664 1693 1904 1914 1988 2260 2309 2465 2580 3006 3072 3295 3310 3360 3402 3797 3813 3950 4098 4214 4266 4400 4619 4966 4993 5293 5368 5606 5996 6012 6025 6119 6763 6793 6797 6811 6815 6826 6844 6845 6850 6867 6868 6881 6892 6896 6897 6898 6913 6923 6931 6937 6938 6949 6950 6956 6961 6969 6975 6986 7001 7002 7010 7013 7024 7025 7030 7038 7039 7048 7054 7057 7074 7075 7078 7092 7093 7127 7134 7163 7171 7172 7179 7186 7202 7240 7241 7251 7289 7308 7319 7327 7348 7354 7355 7356 7374 7392 7401 7410 7434 
	}
	weather={
	}
}
