
strategic_region={
	id=11
	name="STRATEGICREGION_11"
	provinces={
		34 41 80 166 169 187 198 327 364 369 481 496 517 518 565 582 627 629 650 671 699 819 843 858 875 891 900 924 950 970 1044 1095 1128 1145 1211 1231 1263 1338 1385 1403 1603 1743 1764 1771 1784 1785 1797 1809 1824 1873 1906 1911 1926 1934 1951 1956 1987 2110 2138 2339 2370 2382 2409 2476 2517 2519 2522 2523 2537 2548 2550 2692 2733 2786 2812 2826 2852 2906 2932 2970 3041 3063 3071 3140 3167 3169 3182 3265 3288 3319 3377 3383 3443 3447 3460 3554 3610 3665 3688 3712 3743 3765 3772 3805 3832 3850 3851 3862 3874 3901 3932 3946 3996 4030 4081 4115 4143 4145 4146 4189 4197 4305 4325 4334 4336 4390 4436 4500 4503 4526 4532 4605 4607 4615 4640 4654 4832 4879 4883 4916 4926 4934 4938 4939 4944 4951 4974 4985 4999 5064 5096 5121 5161 5182 5259 5300 5316 5337 5352 5382 5479 5482 5492 5501 5517 5532 5540 5577 5682 5698 5732 5800 5847 5922 5949 5958 6011 6063 6105 6122 6128 6197 6207 6239 6241 6245 7063 7553 7661 7674 7678 7727 7733 7743 7784 7795 7796 7817 7818 7838 7845 7846 7853 7863 7879 7886 7899 7907 7944 7945 7958 7986 8020 8021 8025 8036 8048 8049 8056 8057 8063 8070 8076 8093 8094 8095 8107 8126 8127 8128 8142 8143 8161 8162 8163 8164 8176 8191 8192 8210 8211 8221 8222 8231 8243 8244 8268 8269 8284 8285 8293 8302 8310 8311 8320 8321 8322 8328 8329 8342 8343 8349 8350 8351 8352 8353 8354 8373 8380 8381 8382 8390 8391 8392 8393 8394 8398 8411 8412 8413 8430 8439 8440 8447 8460 8461 8468 8477 8478 8487 8488 8489 8490 8491 8507 8508 8509 8520 8521 8527 8528 8529 8535 8536 8545 8546 8557 8564 8565 8566 8574 8575 8576 8585 8595 8600 8601 8602 8610 8611 8612 8621 8622 8623 8624 8625 8626 8643 8644 8645 8653 8654 8674 8688 8689 8690 8691 8692 8693 8694 8706 8707 8708 8709 8721 8732 8733 8735 8746 8747 8748 8749 8761 8762 8763 8772 8773 8781 8782 8793 8799 8808 8809 8812 8813 8814 8815 8828 8829 8830 8840 8841 8842 8843 8851 8858 8863 8884 8885 8886 8887 8888 8889 8890 8903 8904 8907 8908 8909 8918 8935 8936 8937 8945 8952 8953 8954 8961 8962 8963 8970 8971 8980 8989 8990 8991 8996 8997 9007 9015 9020 9021 9027 9035 9036 9047 9048 9049 9059 9060 9061 9062 9071 9076 9084 9085 9090 9091 9092 9107 9120 9133 9138 9139 9146 9147 9152 9153 9164 9172 9187 9188 9195 9196 9205 9214 9215 9216 9219 9220 9221 9231 9232 9237 9242 9243 9258 9274 9275 9276 9277 9285 9286 9287 9301 9302 9316 9317 9330 9331 9334 9335 9336 9341 9364 9372 9373 9374 9384 9390 9391 9392 9410 9411 9418 9433 9434 9439 9440 9441 9448 9454 9463 9477 9478 9480 9483 9485 9494 
	}
	weather={
		period={
			between={ 0.0 30.0 }
			temperature={ -10.0 35.0 }
			no_phenomenon=1.500
			rain_light=0.250
			rain_heavy=0.100
			snow=0.000
			blizzard=0.000
			arctic_water=0.000
			mud=0.000
			sandstorm=0.000
			min_snow_level=0.000
		}
		period={
			between={ 0.1 27.1 }
			temperature={ -10.0 35.0 }
			no_phenomenon=1.500
			rain_light=0.250
			rain_heavy=0.100
			snow=0.000
			blizzard=0.000
			arctic_water=0.000
			mud=0.000
			sandstorm=0.000
			min_snow_level=0.000
		}
		period={
			between={ 0.2 30.2 }
			temperature={ -10.0 35.0 }
			no_phenomenon=1.500
			rain_light=0.250
			rain_heavy=0.100
			snow=0.000
			blizzard=0.000
			arctic_water=0.000
			mud=0.000
			sandstorm=0.000
			min_snow_level=0.000
		}
		period={
			between={ 0.3 29.3 }
			temperature={ -10.0 35.0 }
			no_phenomenon=1.500
			rain_light=0.250
			rain_heavy=0.100
			snow=0.000
			blizzard=0.000
			arctic_water=0.000
			mud=0.000
			sandstorm=0.000
			min_snow_level=0.000
		}
		period={
			between={ 0.4 30.4 }
			temperature={ -10.0 35.0 }
			no_phenomenon=1.500
			rain_light=0.250
			rain_heavy=0.100
			snow=0.000
			blizzard=0.000
			arctic_water=0.000
			mud=0.000
			sandstorm=0.000
			min_snow_level=0.000
		}
		period={
			between={ 0.5 29.5 }
			temperature={ -10.0 35.0 }
			no_phenomenon=1.500
			rain_light=0.250
			rain_heavy=0.100
			snow=0.000
			blizzard=0.000
			arctic_water=0.000
			mud=0.000
			sandstorm=0.000
			min_snow_level=0.000
		}
		period={
			between={ 0.6 30.6 }
			temperature={ -10.0 35.0 }
			no_phenomenon=1.500
			rain_light=0.250
			rain_heavy=0.100
			snow=0.000
			blizzard=0.000
			arctic_water=0.000
			mud=0.000
			sandstorm=0.000
			min_snow_level=0.000
		}
		period={
			between={ 0.7 30.7 }
			temperature={ -10.0 35.0 }
			no_phenomenon=1.500
			rain_light=0.250
			rain_heavy=0.100
			snow=0.000
			blizzard=0.000
			arctic_water=0.000
			mud=0.000
			sandstorm=0.000
			min_snow_level=0.000
		}
		period={
			between={ 0.8 29.8 }
			temperature={ -10.0 35.0 }
			no_phenomenon=1.500
			rain_light=0.250
			rain_heavy=0.100
			snow=0.000
			blizzard=0.000
			arctic_water=0.000
			mud=0.000
			sandstorm=0.000
			min_snow_level=0.000
		}
		period={
			between={ 0.9 30.9 }
			temperature={ -10.0 35.0 }
			no_phenomenon=1.500
			rain_light=0.250
			rain_heavy=0.100
			snow=0.000
			blizzard=0.000
			arctic_water=0.000
			mud=0.000
			sandstorm=0.000
			min_snow_level=0.000
		}
		period={
			between={ 0.10 29.10 }
			temperature={ -10.0 35.0 }
			no_phenomenon=1.500
			rain_light=0.250
			rain_heavy=0.100
			snow=0.000
			blizzard=0.000
			arctic_water=0.000
			mud=0.000
			sandstorm=0.000
			min_snow_level=0.000
		}
		period={
			between={ 0.11 30.11 }
			temperature={ -10.0 35.0 }
			no_phenomenon=1.500
			rain_light=0.250
			rain_heavy=0.100
			snow=0.000
			blizzard=0.000
			arctic_water=0.000
			mud=0.000
			sandstorm=0.000
			min_snow_level=0.000
		}
		period={
			between={ 4.11 21.11 }
			temperature={ -10.0 35.0 }
			no_phenomenon=1.500
			rain_light=0.250
			rain_heavy=0.100
			snow=0.000
			blizzard=0.000
			arctic_water=0.000
			mud=0.000
			sandstorm=0.000
			min_snow_level=0.000
		}
	}
}
