
strategic_region={
	id=113
	name="STRATEGICREGION_113"
	provinces={
		280 1580 1589 2033 2441 2453 2504 2667 2707 2713 2773 2883 3574 3577 3826 3985 4210 4258 4264 4900 4905 5032 5181 5571 5785 5994 6010 6026 6093 8052 8068 8092 8124 8139 8148 8180 8202 8229 8238 8265 8327 8341 8348 8359 8371 8378 8379 8387 8406 8407 8418 8419 8436 8452 8453 8459 8465 8505 8516 8517 8525 8533 8544 8562 8572 8581 8598 8607 8608 8634 8635 8652 8669 8670 8685 8717 8718 8728 8756 8757 8770 8791 8792 8798 8805 8824 8836 8849 8850 8873 8874 8881 8882 8897 8916 8926 8951 
	}
	weather={
	}
}
