
strategic_region={
	id=124
	name="STRATEGICREGION_124"
	provinces={
		33 58 150 226 235 271 281 307 336 407 432 445 790 814 893 938 992 1006 1200 1253 1341 1343 1442 1447 1490 1511 1597 1611 1713 1738 1761 1779 1895 1897 1971 1974 1979 2034 2059 2068 2084 2142 2170 2286 2304 2316 2327 2362 2378 2387 2401 2437 2562 2666 2697 2726 2749 2776 2784 2820 2896 2933 2946 2978 3013 3053 3085 3088 3180 3270 3271 3311 3337 3343 3352 3388 3446 3498 3509 3526 3536 3595 3661 3670 3694 3754 3829 3836 3844 3882 3959 3967 3973 4017 4039 4070 4172 4192 4195 4223 4232 4251 4302 4323 4405 4462 4471 4488 4496 4521 4525 4544 4581 4658 4705 4750 4763 4771 4781 4782 4785 4821 4850 4885 4887 4890 4891 4964 4980 5098 5120 5222 5241 5243 5252 5298 5306 5350 5483 5559 5751 5825 5831 5892 5938 5984 6038 6101 6137 6148 6187 6228 6256 6925 6926 6932 6963 6964 6970 7015 7016 7033 7050 7062 7077 7095 7099 7116 7158 7182 7190 7238 7239 7255 7276 7277 7287 7291 7302 7313 7322 7336 7343 7344 7345 7362 7363 7405 7413 7438 7452 7460 7462 7472 7485 7491 7512 7513 7514 7517 7523 7526 7539 7552 7558 7565 7567 7568 7574 7584 7592 7594 7599 7603 7604 7608 7610 7615 7624 7638 7646 7649 7650 7655 7660 7662 7668 7686 7687 7698 7699 7709 7726 7732 7739 7744 7755 7763 7772 7773 7779 7783 7787 7788 7789 7804 7819 7824 7837 7867 7875 7892 7894 7895 7921 7922 7931 7932 7938 7951 7963 7972 7994 7998 7999 8004 8008 8032 8043 8059 8065 8066 8067 8075 8081 8089 8090 8091 8103 8104 8110 8121 8122 8137 8138 8146 8147 8158 8170 8199 8200 8201 8216 8227 8228 8237 8263 8264 8279 8281 8308 8309 8410 8514 8515 8660 8743 9606 9678 9830 9940 9992 10012 10016 10027 10052 10059 10103 10114 10128 10132 10171 10191 10214 10221 10257 10282 10304 10335 10427 10496 10516 10542 10566 10579 10591 10597 10629 10742 12926 12927 12943 12951 12960 12974 12997 12998 13008 13024 13029 13030 13049 13057 13065 13082 13083 13084 13085 13110 13116 13120 13121 13124 13126 13127 13152 13156 13157 13164 13165 13169 13174 13182 13183 13184 13193 13201 13222 13226 13246 13251 13252 13259 13268 13277 13279 13281 13301 13302 13306 13311 13335 13344 13345 13348 13350 13375 13376 13381 13383 13390 13391 13409 13413 13414 13419 13420 13434 13435 13442 13443 13444 13451 13485 13486 13501 13504 13509 13516 13519 13520 13552 13553 13567 13580 13581 13582 13607 13620 13621 13639 13662 13675 13676 14065 14066 14078 14084 14127 15625 15701 15790 16140 16146 16238 16292 16592 16683 16745 17038 17047 17127 17130 17244 17476 17523 17695 17976 18186 18326 18332 18376 18442 18518 18549 18594 18740 18750 18759 18778 18846 19017 19100 19388 19396 19400 19444 19611 
	}
	weather={
		period={
			between={ 0.0 30.0 }
			temperature={ -37.0 -8.0 }
			no_phenomenon=0.250
			rain_light=0.000
			rain_heavy=0.000
			snow=0.500
			blizzard=0.200
			arctic_water=0.000
			mud=0.700
			sandstorm=0.000
			min_snow_level=0.100
		}
		period={
			between={ 0.1 27.1 }
			temperature={ -31.0 -8.0 }
			no_phenomenon=0.300
			rain_light=0.000
			rain_heavy=0.000
			snow=0.500
			blizzard=0.200
			arctic_water=0.000
			mud=0.700
			sandstorm=0.000
			min_snow_level=0.100
		}
		period={
			between={ 0.2 30.2 }
			temperature={ -22.0 -1.0 }
			no_phenomenon=0.400
			rain_light=0.020
			rain_heavy=0.000
			snow=0.500
			blizzard=0.100
			arctic_water=0.000
			mud=0.700
			sandstorm=0.000
			min_snow_level=0.000
		}
		period={
			between={ 0.3 29.3 }
			temperature={ -10.0 9.0 }
			no_phenomenon=0.500
			rain_light=0.100
			rain_heavy=0.050
			snow=0.200
			blizzard=0.000
			arctic_water=0.000
			mud=0.700
			sandstorm=0.000
			min_snow_level=0.000
		}
		period={
			between={ 0.4 30.4 }
			temperature={ -1.0 17.0 }
			no_phenomenon=0.450
			rain_light=0.300
			rain_heavy=0.100
			snow=0.050
			blizzard=0.000
			arctic_water=0.000
			mud=0.700
			sandstorm=0.000
			min_snow_level=0.000
		}
		period={
			between={ 0.5 29.5 }
			temperature={ 7.0 23.0 }
			no_phenomenon=0.450
			rain_light=0.300
			rain_heavy=0.200
			snow=0.000
			blizzard=0.000
			arctic_water=0.000
			mud=0.700
			sandstorm=0.000
			min_snow_level=0.000
		}
		period={
			between={ 0.6 30.6 }
			temperature={ 10.0 26.0 }
			no_phenomenon=0.500
			rain_light=0.350
			rain_heavy=0.200
			snow=0.000
			blizzard=0.000
			arctic_water=0.000
			mud=0.700
			sandstorm=0.000
			min_snow_level=0.000
		}
		period={
			between={ 0.7 30.7 }
			temperature={ 7.0 23.0 }
			no_phenomenon=0.450
			rain_light=0.400
			rain_heavy=0.100
			snow=0.000
			blizzard=0.000
			arctic_water=0.000
			mud=0.700
			sandstorm=0.000
			min_snow_level=0.000
		}
		period={
			between={ 0.8 29.8 }
			temperature={ 1.0 17.0 }
			no_phenomenon=0.400
			rain_light=0.350
			rain_heavy=0.050
			snow=0.020
			blizzard=0.000
			arctic_water=0.000
			mud=0.700
			sandstorm=0.000
			min_snow_level=0.000
		}
		period={
			between={ 0.9 30.9 }
			temperature={ -8.0 9.0 }
			no_phenomenon=0.350
			rain_light=0.100
			rain_heavy=0.020
			snow=0.300
			blizzard=0.000
			arctic_water=0.000
			mud=0.700
			sandstorm=0.000
			min_snow_level=0.000
		}
		period={
			between={ 0.10 29.10 }
			temperature={ -27.0 -1.0 }
			no_phenomenon=0.300
			rain_light=0.020
			rain_heavy=0.000
			snow=0.500
			blizzard=0.050
			arctic_water=0.000
			mud=0.700
			sandstorm=0.000
			min_snow_level=0.000
		}
		period={
			between={ 0.11 30.11 }
			temperature={ -34.0 -7.0 }
			no_phenomenon=0.250
			rain_light=0.000
			rain_heavy=0.000
			snow=0.500
			blizzard=0.100
			arctic_water=0.000
			mud=0.700
			sandstorm=0.000
			min_snow_level=0.050
		}
		period={
			between={ 4.11 21.11 }
			temperature={ -10.0 35.0 }
			no_phenomenon=1.500
			rain_light=0.250
			rain_heavy=0.100
			snow=0.000
			blizzard=0.000
			arctic_water=0.000
			mud=0.000
			sandstorm=0.000
			min_snow_level=0.000
		}
	}
}
