
strategic_region={
	id=152
	name="STRATEGICREGION_152"
	provinces={
		182 289 333 604 721 835 910 917 932 993 1087 1180 1207 1221 1251 1317 1424 1437 1602 1648 1665 1692 1810 2017 2021 2133 2180 2202 2356 2415 2472 2581 2609 2761 2813 2815 2910 2972 2976 2993 3042 3113 3158 3172 3183 3213 3250 3256 3285 3344 3382 3465 3533 3563 3564 3573 3617 3625 3687 3709 3731 3801 3822 3847 3857 3860 3895 3900 3939 3962 3987 4007 4065 4110 4160 4201 4205 4213 4313 4442 4491 4551 4565 4591 4602 4758 4801 4892 5018 5045 5055 5113 5123 5233 5236 5279 5323 5334 5362 5363 5372 5389 5440 5527 5552 5555 5638 5668 5704 5705 5754 5776 5828 5852 5909 5932 5939 5982 6107 9278 9326 9338 9365 9386 9394 9402 9420 9436 9449 9457 9465 9490 9496 9497 9512 9547 9561 9566 9585 9593 9594 9598 9605 9617 9624 9625 9641 9655 9656 9665 9666 9677 9716 9717 9725 9726 9734 9747 9748 9755 9764 9765 9766 9774 9782 9783 9784 9790 9791 9797 9808 9815 9820 9828 9829 9831 9840 9847 9854 9863 9868 9869 9870 9871 9877 9888 9897 9898 9909 9920 9921 9922 9923 9924 9925 9930 9939 9947 9953 9960 9961 9967 9968 9972 9973 9974 9977 9978 9985 9986 9987 10003 10004 10009 10010 10011 10015 10024 10025 10026 10035 10036 10037 10038 10042 10051 10053 10054 10060 10066 10070 10071 10072 10073 10079 10080 10081 10082 10090 10091 10098 10099 10104 10107 10108 10109 10112 10113 10126 10127 10138 10143 10144 10149 10150 10151 10152 10156 10163 10179 10180 10183 10192 10195 10199 10205 10213 10222 10230 10237 10240 10241 10242 10244 10258 10259 10268 10283 10284 10289 10290 10291 10292 10293 10303 10315 10316 10319 10320 10333 10334 10352 10357 10360 10361 10366 10371 10377 10384 10388 10395 10396 10403 10408 10411 10412 10419 10439 10440 10441 10447 10448 10454 10460 10461 10462 10469 10476 10477 10494 10495 10503 10515 10528 10553 10559 10571 10578 10603 10624 10646 10659 10660 10700 10709 
	}
	weather={
	}
}
