
strategic_region={
	id=153
	name="STRATEGICREGION_153"
	provinces={
		247 586 847 865 930 975 1079 1314 1389 1394 1616 1913 1938 2092 2210 2358 2536 2616 2650 2719 2734 2879 3056 3093 3259 3426 3427 3508 3558 3582 3585 3871 3971 4020 4167 4280 4357 4629 4784 4897 4981 5024 5034 5061 5142 5163 5340 5405 5439 5440 5478 5576 6131 6147 6219 8800 8801 8859 8877 8928 8939 8946 8992 8998 8999 9008 9009 9050 9056 9057 9063 9100 9108 9109 9110 9111 9148 9156 9157 9165 9166 9173 9174 9175 9189 9199 9207 9208 9217 9233 9238 9244 9245 9255 9259 9264 9288 9303 9304 9318 9348 9358 9359 9366 9375 9403 9412 9421 9422 9426 9458 9459 9460 9473 9484 9498 9499 9504 9505 9513 9540 9548 9561 9562 9563 9577 9599 9607 9633 9634 9635 9657 9658 9679 9680 9681 9682 9688 9718 9735 9740 9741 9749 9775 9792 9798 9799 9800 9816 9832 9855 9872 9885 9903 9928 9931 9932 9954 9975 
	}
	weather={
	}
}
