
strategic_region={
	id=155
	name="STRATEGICREGION_155"
	provinces={
		112 276 371 394 419 541 652 713 726 756 781 1033 1120 1257 1411 1416 1438 1647 1709 1813 1831 1849 1983 2120 2151 2294 2318 2336 2377 2399 2400 2412 2496 2538 2677 2794 2834 2838 2881 2902 2965 2967 3012 3025 3070 3114 3154 3297 3329 3366 3491 3507 3514 3545 3552 3615 3668 3708 3718 3771 3858 3881 4066 4129 4170 4278 4332 4545 4648 4810 5035 5070 5078 5092 5140 5176 5257 5278 5287 5294 5402 5497 5505 5510 5567 5584 5614 5639 5725 5781 5802 5804 5813 5881 5882 5904 5918 6149 6183 9479 9482 9486 9487 9495 9510 9522 9523 9535 9536 9537 9538 9544 9552 9553 9559 9560 9564 9576 9584 9587 9588 9589 9604 9613 9614 9615 9631 9632 9645 9646 9653 9654 9663 9669 9670 9671 9675 9676 9695 9712 9713 9714 9724 9729 9730 9731 9732 9738 9739 9745 9746 9754 9761 9762 9772 9780 9781 9788 9805 9806 9807 9813 9827 9839 9845 9846 9851 9852 9859 9862 9876 9883 9887 9894 9895 9906 9907 9914 9927 9945 9950 9951 9966 9984 9991 9997 9998 10001 10002 10022 10023 10033 10041 10048 10049 10050 10063 10064 10065 10078 10088 10095 10096 10097 10106 10111 10118 10119 10125 10130 10137 10142 10161 10162 10170 10177 10194 10204 10211 10212 10218 10219 10227 10228 10229 10243 10249 10250 10255 10256 10266 10267 10274 10281 10297 10298 10302 10313 10314 10329 10347 10348 10351 10359 10365 10376 10383 10387 10394 10398 10399 10402 10410 10426 10438 10449 10459 10484 10493 10502 10526 10527 10541 10558 10577 10587 10588 10589 10590 10636 
	}
	weather={
	}
}
