
strategic_region={
	id=156
	name="STRATEGICREGION_156"
	provinces={
		477 570 940 1098 1295 1829 1837 2427 2440 2578 2832 3082 3656 3739 3792 4346 4388 4698 5106 5521 5568 5824 5957 11590 11602 11651 11660 11665 11666 11685 11694 11704 11714 11735 11740 11741 11763 11781 11790 11802 11813 11848 11849 11863 11882 11889 11900 11913 11922 11934 11953 11967 11968 11983 11993 12018 12026 12035 12046 12056 12057 12095 12096 12109 12125 12126 12135 12154 12159 12160 12180 12208 12209 12246 12254 12282 12299 12316 12328 12351 
	}
	weather={
	}
}
