
strategic_region={
	id=161
	name="STRATEGICREGION_161"
	provinces={
		59 719 786 1684 2156 2206 2610 3060 3441 3458 3518 3764 3843 3953 4695 4739 4894 5209 5572 5650 5689 5931 6054 6112 6175 6214 10659 10741 10759 10771 10778 10804 10812 10825 10833 10852 10853 10879 10901 10950 10958 10969 10981 10982 11011 11012 11033 11034 11035 11041 11058 11067 11068 11080 11084 11090 11091 11126 11134 11151 11186 11192 11239 11240 11250 11302 11303 11347 11357 11362 11374 11412 11426 11451 11512 11532 11551 11570 11598 11613 11614 11675 11701 11739 
	}
	weather={
	}
}
