
strategic_region={
	id=163
	name="STRATEGICREGION_163"
	provinces={
		31 56 217 412 514 1085 1641 1718 1980 2101 2155 2164 2268 2324 2491 2599 2756 2758 2981 3039 3101 3478 3500 3590 3614 3636 3786 3934 4010 4086 4106 4225 4275 4449 4463 4505 4589 4710 4789 4876 4903 4909 5134 5210 5311 5561 5617 5691 5695 5770 5857 5863 5980 6032 6173 6186 6189 6192 6194 11477 11494 11531 11549 11550 11568 11612 11637 11645 11680 11700 11713 11719 11720 11721 11746 11756 11778 11779 11788 11800 11833 11846 11857 11858 11859 11892 11893 11906 11907 11908 11917 11930 11941 11951 11958 11976 11977 11978 11989 12005 12013 12014 12015 12023 12024 12032 12033 12044 12050 12051 12070 12071 12078 12079 12089 12090 12091 12104 12122 12144 12145 12152 12157 12186 12190 12199 12206 12214 12221 12243 12260 12269 12291 12292 12293 12294 12319 12326 12347 12348 12356 12371 12385 12391 12404 12433 12445 12450 12494 12495 12496 12554 
	}
	weather={
	}
}
