
strategic_region={
	id=166
	name="STRATEGICREGION_166"
	provinces={
		235 281 407 432 445 1490 1713 1761 1779 1974 1979 2362 2387 2946 3053 3088 3343 3388 3844 3882 4192 4195 4488 4525 4581 4771 4782 4785 4887 5098 5831 6101 6256 6925 6963 6964 7011 7015 7050 7055 7062 7095 7159 7313 7343 7405 7452 7460 7512 7513 7521 7558 7565 7574 7599 7608 7624 7646 7650 7660 7686 7699 7726 7732 7773 10191 10214 12926 12927 12951 12960 12974 12998 13008 13024 13029 13049 13065 13082 13083 13126 13165 13268 13281 13306 13381 13419 13420 13504 13509 13516 13519 13581 13582 13639 13675 14065 14066 14078 14084 14127 
	}
	weather={
	}
}
