
strategic_region={
	id=167
	name="STRATEGICREGION_167"
	provinces={
		9 322 680 1061 1332 2189 2615 2849 3014 3036 3109 3206 3220 3995 4412 4477 4563 4643 4774 5410 5811 6005 6053 6061 6088 6164 10089 15020 15021 15022 15025 15026 15027 15028 15030 15031 15032 15034 15035 15037 15038 15040 15042 15043 15045 15046 15047 15048 15049 15050 15051 15053 15056 15057 15058 15059 15060 15061 15062 15063 15064 15065 15066 15067 15068 15070 15071 15072 15073 15074 15075 15076 15077 15078 15080 15081 15083 15084 15085 15086 15087 15088 15089 15090 15091 15092 15093 15095 15097 15098 15159 15160 15934 16285 16752 17067 18153 18675 19519 19533 19545 19558 19568 
	}
	weather={
	}
}
