
strategic_region={
	id=177
	name="STRATEGICREGION_177"
	provinces={
		364 481 496 565 671 819 1044 1338 1743 1785 1797 1809 1906 2812 3071 3443 3712 3850 3851 3862 4030 4189 4197 4305 4526 4605 4615 4654 4883 4916 4926 4938 5096 5182 5259 5300 5316 5517 5532 5682 5698 5847 6011 6241 7063 7553 7678 7733 7784 7796 7817 7818 7838 7845 7846 7853 7863 7879 7886 7907 7944 7945 7958 7986 8020 8021 8025 8036 8048 8049 8056 8057 8063 8070 8076 8093 8094 8107 8126 8127 8128 8142 8143 8161 8162 8163 8176 8191 8192 8210 8211 8221 8222 8231 8243 8244 8268 8269 8284 8285 8293 8302 8320 8321 8322 8329 8343 8381 8391 8392 8430 8439 8488 8601 
	}
	weather={
	}
}
