
strategic_region={
	id=189
	name="STRATEGICREGION_189"
	provinces={
		15194 15206 15212 15260 15271 15277 15286 15349 15427 15458 15498 15654 15679 15744 15778 15793 15832 15859 16025 16037 16048 16085 16132 16180 16192 16193 16249 16263 16327 16374 16383 16393 16415 16679 16713 16783 16797 16805 16825 16869 16935 16967 16996 17104 17157 17215 17236 17357 17370 17381 17586 17599 17605 17703 17821 17870 17999 18060 18123 18141 18285 18452 18487 18522 18619 18718 18806 18841 18969 19002 19076 19173 19204 19221 19228 19233 19256 19278 19296 19297 
	}
	naval_terrain=water_deep_ocean
	weather={
	}
}
