
strategic_region={
	id=19
	name="STRATEGICREGION_19"
	provinces={
		7 46 312 354 374 414 480 494 520 549 621 653 687 692 714 716 727 742 811 845 901 904 953 1005 1016 1018 1025 1035 1096 1152 1154 1162 1192 1216 1290 1304 1325 1345 1364 1366 1387 1432 1445 1518 1549 1609 1615 1622 1631 1669 1686 1787 1796 1817 1835 1887 1927 1986 2018 2090 2103 2214 2265 2295 2343 2353 2354 2374 2379 2444 2458 2510 2549 2567 2618 2628 2651 2688 2721 2737 2738 2847 2877 2894 2904 2918 3044 3045 3112 3128 3252 3286 3345 3394 3418 3438 3534 3658 3703 3728 3729 3751 3755 3759 3794 3821 3878 3893 3899 3933 3968 4005 4013 4037 4044 4052 4090 4099 4111 4123 4174 4199 4218 4233 4240 4259 4263 4270 4290 4291 4314 4347 4386 4397 4413 4447 4451 4489 4509 4539 4584 4593 4594 4623 4655 4667 4712 4715 4722 4800 4824 4861 4888 4965 4971 4996 5016 5072 5095 5116 5124 5167 5303 5314 5319 5322 5346 5366 5418 5420 5427 5490 5528 5550 5575 5604 5625 5658 5672 5679 5715 5767 5769 5771 5788 5868 5916 5934 5966 6007 6052 6095 6116 6151 6168 6181 6199 6226 10730 10775 10791 10792 10818 10849 10850 10856 10877 10883 10890 10891 10907 10908 10918 10923 10935 10936 10946 10955 10956 10961 10985 10998 11008 11016 11017 11018 11019 11030 11031 11032 11062 11063 11064 11065 11075 11079 11107 11108 11116 11117 11118 11119 11133 11141 11155 11156 11164 11165 11166 11173 11174 11180 11181 11195 11204 11205 11206 11214 11215 11216 11227 11228 11235 11236 11237 11245 11246 11257 11258 11263 11272 11273 11282 11283 11284 11285 11293 11300 11308 11309 11314 11315 11316 11328 11333 11334 11335 11343 11344 11345 11353 11354 11370 11371 11380 11389 11391 11392 11393 11403 11409 11410 11418 11419 11420 11421 11436 11437 11446 11447 11448 11456 11457 11460 11461 11462 11472 11473 11474 11484 11485 11492 11501 11510 11511 11520 11524 11525 11526 11527 11528 11529 11530 11537 11538 11539 11546 11560 11565 11566 11567 11573 11574 11575 11583 11584 11585 11586 11595 11596 11597 11605 11606 11607 11621 11622 11633 11634 11642 11643 11644 11654 11655 11656 11662 11671 11672 11678 11689 11690 11691 11698 11711 11712 11716 11717 11731 11732 11733 11737 11743 11744 11753 11754 11767 11768 11773 11774 11784 11785 11786 11787 11796 11797 11798 11810 11811 11816 11817 11820 11821 11822 11829 11830 11831 11832 11844 11845 11854 11855 11856 11866 11874 11875 11876 11877 11878 11879 11885 11886 11891 11897 11898 11915 11916 11926 11927 11928 11929 11938 11939 11940 11949 11955 11956 11957 11962 11963 11964 11973 11974 11975 11987 11988 11997 12003 12004 12011 12012 12021 12022 12029 12030 12038 12039 12040 12041 12042 12043 12063 12064 12069 12076 12077 12085 12086 12087 12088 12102 12103 12112 12113 12114 12120 12121 12133 12138 12143 12151 12156 12168 12169 12170 12171 12175 12176 12177 12184 12211 12218 12219 12230 12249 12250 12258 12266 12286 12287 12288 12289 12305 12325 12335 12346 12362 12370 12383 12384 12401 12402 12405 12421 12429 12430 12441 12449 12473 
	}
	weather={
		period={
			between={ 0.0 30.0 }
			temperature={ -10.0 35.0 }
			no_phenomenon=1.500
			rain_light=0.250
			rain_heavy=0.100
			snow=0.000
			blizzard=0.000
			arctic_water=0.000
			mud=0.000
			sandstorm=0.000
			min_snow_level=0.000
		}
		period={
			between={ 0.1 27.1 }
			temperature={ -10.0 35.0 }
			no_phenomenon=1.500
			rain_light=0.250
			rain_heavy=0.100
			snow=0.000
			blizzard=0.000
			arctic_water=0.000
			mud=0.000
			sandstorm=0.000
			min_snow_level=0.000
		}
		period={
			between={ 0.2 30.2 }
			temperature={ -10.0 35.0 }
			no_phenomenon=1.500
			rain_light=0.250
			rain_heavy=0.100
			snow=0.000
			blizzard=0.000
			arctic_water=0.000
			mud=0.000
			sandstorm=0.000
			min_snow_level=0.000
		}
		period={
			between={ 0.3 29.3 }
			temperature={ -10.0 35.0 }
			no_phenomenon=1.500
			rain_light=0.250
			rain_heavy=0.100
			snow=0.000
			blizzard=0.000
			arctic_water=0.000
			mud=0.000
			sandstorm=0.000
			min_snow_level=0.000
		}
		period={
			between={ 0.4 30.4 }
			temperature={ -10.0 35.0 }
			no_phenomenon=1.500
			rain_light=0.250
			rain_heavy=0.100
			snow=0.000
			blizzard=0.000
			arctic_water=0.000
			mud=0.000
			sandstorm=0.000
			min_snow_level=0.000
		}
		period={
			between={ 0.5 29.5 }
			temperature={ -10.0 35.0 }
			no_phenomenon=1.500
			rain_light=0.250
			rain_heavy=0.100
			snow=0.000
			blizzard=0.000
			arctic_water=0.000
			mud=0.000
			sandstorm=0.000
			min_snow_level=0.000
		}
		period={
			between={ 0.6 30.6 }
			temperature={ -10.0 35.0 }
			no_phenomenon=1.500
			rain_light=0.250
			rain_heavy=0.100
			snow=0.000
			blizzard=0.000
			arctic_water=0.000
			mud=0.000
			sandstorm=0.000
			min_snow_level=0.000
		}
		period={
			between={ 0.7 30.7 }
			temperature={ -10.0 35.0 }
			no_phenomenon=1.500
			rain_light=0.250
			rain_heavy=0.100
			snow=0.000
			blizzard=0.000
			arctic_water=0.000
			mud=0.000
			sandstorm=0.000
			min_snow_level=0.000
		}
		period={
			between={ 0.8 29.8 }
			temperature={ -10.0 35.0 }
			no_phenomenon=1.500
			rain_light=0.250
			rain_heavy=0.100
			snow=0.000
			blizzard=0.000
			arctic_water=0.000
			mud=0.000
			sandstorm=0.000
			min_snow_level=0.000
		}
		period={
			between={ 0.9 30.9 }
			temperature={ -10.0 35.0 }
			no_phenomenon=1.500
			rain_light=0.250
			rain_heavy=0.100
			snow=0.000
			blizzard=0.000
			arctic_water=0.000
			mud=0.000
			sandstorm=0.000
			min_snow_level=0.000
		}
		period={
			between={ 0.10 29.10 }
			temperature={ -10.0 35.0 }
			no_phenomenon=1.500
			rain_light=0.250
			rain_heavy=0.100
			snow=0.000
			blizzard=0.000
			arctic_water=0.000
			mud=0.000
			sandstorm=0.000
			min_snow_level=0.000
		}
		period={
			between={ 0.11 30.11 }
			temperature={ -10.0 35.0 }
			no_phenomenon=1.500
			rain_light=0.250
			rain_heavy=0.100
			snow=0.000
			blizzard=0.000
			arctic_water=0.000
			mud=0.000
			sandstorm=0.000
			min_snow_level=0.000
		}
		period={
			between={ 4.11 21.11 }
			temperature={ -10.0 35.0 }
			no_phenomenon=1.500
			rain_light=0.250
			rain_heavy=0.100
			snow=0.000
			blizzard=0.000
			arctic_water=0.000
			mud=0.000
			sandstorm=0.000
			min_snow_level=0.000
		}
	}
}
