strategic_region={
	id=196
	name="STRATEGICREGION_196"
	provinces={
		15164 15166 15169 15174 15185 15188 15191 15193 15195 15200 15204 15208 15210 15214 15216 15220 15221 15227 15229 15235 15236 15243 15261 15268 15270 15275 15276 15289 15297 15300 15309 15310 15316 15318 15322 15323 15327 15331 15372 15374 15396 15398 15400 15407 15413 15431 15437 15438 15442 15451 15452 15453 15465 15467 15470 15476 15492 15528 15529 15530 15533 15541 15547 15549 15550 15554 15558 15564 15568 15570 15580 15590 15592 15597 15598 15616 15617 15624 15646 15649 15655 15664 15671 15680 15681 15689 15690 15705 15723 15726 15738 15767 15776 15784 15794 15800 15809 15822 15835 15841 15842 15849 15854 15858 15860 15864 15869 15872 15875 15877 15880 15886 15887 15890 15895 15900 15901 15913 15925 15927 15933 15946 15950 15959 15970 15977 15987 15988 16001 16002 16005 16012 16013 16015 16018 16023 16053 16059 16062 16100 16102 16109 16120 16125 16130 16133 16135 16148 16153 16174 16179 16188 16189 16198 16220 16236 16237 16240 16242 16255 16256 16257 16271 16272 16274 16279 16286 16297 16300 16321 16323 16324 16331 16345 16349 16351 16358 16364 16369 16373 16376 16379 16380 16382 16385 16386 16403 16413 16424 16429 16439 16444 16450 16451 16460 16467 16468 16474 16482 16503 16516 16517 16546 16560 16561 16568 16587 16602 16606 16614 16616 16624 16627 16654 16675 16692 16694 16702 16716 16719 16727 16734 16735 16738 16756 16760 16765 16779 16786 16788 16791 16818 16831 16835 16837 16864 16866 16871 16881 16886 16906 16928 16934 16940 16956 16964 16970 16973 16978 16980 16982 16993 16998 17008 17010 17032 17049 17051 17056 17058 17060 17065 17090 17097 17115 17121 17135 17139 17142 17148 17152 17158 17162 17177 17192 17205 17210 17216 17238 17277 17296 17298 17299 17312 17326 17332 17334 17336 17337 17356 17364 17368 17384 17385 17392 17405 17417 17420 17434 17444 17445 17465 17469 17479 17483 17496 17506 17525 17551 17565 17572 17574 17576 17593 17595 17608 17611 17624 17632 17635 17645 17647 17663 17666 17702 17709 17758 17772 17790 17815 17837 17838 17881 17888 17912 17920 17923 17933 17937 17940 17959 17961 17988 18001 18006 18011 18020 18024 18025 18040 18062 18069 18108 18110 18112 18118 18124 18125 18139 18150 18152 18153 18161 18169 18174 18179 18219 18246 18249 18251 18256 18262 18265 18281 18283 18295 18308 18310 18321 18327 18342 18344 18358 18366 18367 18371 18375 18388 18391 18397 18399 18403 18404 18412 18433 18438 18445 18473 18477 18478 18479 18484 18500 18515 18530 18531 18576 18579 18589 18593 18635 18638 18647 18652 18668 18686 18689 18690 18702 18703 18707 18719 18766 18770 18815 18828 18835 18851 18855 18861 18871 18884 18934 18949 18987 18997 19006 19042 19051 19053 19054 19061 19073 19075 19080 19105 19110 19116 19118 19123 19141 19175 19378 19412 19419 19436 19441 19456 19478 19489 19492 19512 19522 19530 19533 19542 19546 19552 19556 19560 19571 19574 19576 19579 19582 19587 19595 19596 19598 19600 19601 19605 19609 19625 19661 19667 19671 19700 19703 19706 19716 19723 19745 19751 19762 19765 19769 19783 19788 19794 19799 19814 19829 19841 19853 19868 19869 19874 19875 19876 19885 19887 19890 19914 
	}
	naval_terrain=void
	weather={
		period={
			between={ 0.0 30.0 }
			temperature={ 24.0 31.0 }
			no_phenomenon=0.2
			rain_light=1.2
			rain_heavy=0.8
			snow=0
			blizzard=0
			arctic_water=0
			mud=0.3
			sandstorm=0
			min_snow_level=0
		}
		period={
			between={ 0.1 27.1 }
			temperature={ 24.0 31.0 }
			no_phenomenon=0.2
			rain_light=1.2
			rain_heavy=0.8
			snow=0
			blizzard=0
			arctic_water=0
			mud=0.3
			sandstorm=0
			min_snow_level=0
		}
		period={
			between={ 0.2 30.2 }
			temperature={ 25.0 32.0 }
			no_phenomenon=0.2
			rain_light=1.2
			rain_heavy=0.8
			snow=0
			blizzard=0
			arctic_water=0
			mud=0.3
			sandstorm=0
			min_snow_level=0
		}
		period={
			between={ 0.3 29.3 }
			temperature={ 25.0 32.0 }
			no_phenomenon=0.2
			rain_light=1.2
			rain_heavy=0.8
			snow=0
			blizzard=0
			arctic_water=0
			mud=0.3
			sandstorm=0
			min_snow_level=0
		}
		period={
			between={ 0.4 30.4 }
			temperature={ 25.0 32.0 }
			no_phenomenon=0.2
			rain_light=1.2
			rain_heavy=0.8
			snow=0
			blizzard=0
			arctic_water=0
			mud=0.3
			sandstorm=0
			min_snow_level=0
		}
		period={
			between={ 0.5 29.5 }
			temperature={ 25.0 32.0 }
			no_phenomenon=0.2
			rain_light=1.2
			rain_heavy=0.8
			snow=0
			blizzard=0
			arctic_water=0
			mud=0.3
			sandstorm=0
			min_snow_level=0
		}
		period={
			between={ 0.6 30.6 }
			temperature={ 25.0 32.0 }
			no_phenomenon=0.2
			rain_light=1.2
			rain_heavy=0.8
			snow=0
			blizzard=0
			arctic_water=0
			mud=0.3
			sandstorm=0
			min_snow_level=0
		}
		period={
			between={ 0.7 30.7 }
			temperature={ 25.0 32.0 }
			no_phenomenon=0.2
			rain_light=1.2
			rain_heavy=0.8
			snow=0
			blizzard=0
			arctic_water=0
			mud=0.3
			sandstorm=0
			min_snow_level=0
		}
		period={
			between={ 0.8 29.8 }
			temperature={ 25.0 32.0 }
			no_phenomenon=0.2
			rain_light=1.2
			rain_heavy=0.8
			snow=0
			blizzard=0
			arctic_water=0
			mud=0.3
			sandstorm=0
			min_snow_level=0
		}
		period={
			between={ 0.9 30.9 }
			temperature={ 25.0 32.0 }
			no_phenomenon=0.2
			rain_light=1.2
			rain_heavy=0.8
			snow=0
			blizzard=0
			arctic_water=0
			mud=0.3
			sandstorm=0
			min_snow_level=0
		}
		period={
			between={ 0.10 29.10 }
			temperature={ 24.0 31.0 }
			no_phenomenon=0.2
			rain_light=1.2
			rain_heavy=0.8
			snow=0
			blizzard=0
			arctic_water=0
			mud=0.3
			sandstorm=0
			min_snow_level=0
		}
		period={
			between={ 0.11 30.11 }
			temperature={ 24.0 31.0 }
			no_phenomenon=0.2
			rain_light=1.2
			rain_heavy=0.8
			snow=0
			blizzard=0
			arctic_water=0
			mud=0.3
			sandstorm=0
			min_snow_level=0
		}
	}
}
