
strategic_region={
	id=196
	name="STRATEGICREGION_196"
	provinces={
		15188 15193 15195 15200 15210 15214 15216 15220 15227 15235 15236 15240 15243 15254 15268 15270 15289 15297 15299 15300 15309 15310 15318 15323 15327 15374 15400 15431 15437 15438 15453 15467 15470 15476 15515 15529 15530 15533 15547 15554 15558 15564 15568 15592 15597 15598 15606 15638 15650 15655 15664 15681 15689 15690 15705 15708 15726 15767 15776 15784 15794 15800 15809 15822 15825 15830 15835 15843 15849 15858 15860 15864 15869 15872 15877 15880 15886 15887 15895 15913 15925 15933 15945 15950 15970 15977 16002 16012 16013 16053 16059 16062 16100 16102 16109 16125 16130 16133 16135 16148 16153 16174 16179 16198 16220 16237 16240 16242 16255 16256 16257 16271 16274 16275 16279 16321 16324 16331 16345 16349 16358 16364 16373 16376 16380 16381 16382 16385 16407 16413 16424 16439 16444 16460 16467 16474 16503 16517 16560 16561 16568 16575 16606 16654 16671 16675 16692 16694 16705 16716 16719 16727 16734 16756 16760 16765 16779 16786 16788 16831 16864 16866 16871 16881 16886 16934 16946 16956 16964 16970 16973 16998 17008 17049 17051 17058 17090 17135 17140 17142 17148 17152 17158 17162 17210 17238 17277 17298 17301 17312 17326 17332 17337 17356 17364 17368 17384 17385 17392 17405 17417 17425 17434 17444 17445 17469 17483 17525 17565 17574 17593 17624 17632 17647 17663 17666 17709 17758 17800 17815 17881 17888 17912 17920 17923 17933 17937 17940 17959 17961 17988 18001 18006 18020 18024 18025 18040 18062 18108 18125 18139 18150 18152 18161 18174 18246 18256 18265 18281 18283 18295 18308 18310 18321 18327 18342 18344 18346 18366 18367 18388 18397 18403 18412 18416 18438 18473 18477 18478 18512 18531 18589 18593 18614 18638 18652 18668 18686 18707 18719 18737 18766 18770 18835 18851 18861 18884 18934 18987 18997 19000 19010 19042 19051 19053 19073 19080 19088 19110 19123 19175 19542 19571 19575 19582 19587 19588 19596 19609 19651 19661 19667 19671 19685 19700 19716 19745 19751 19762 19765 19783 19788 19794 19799 19814 19829 19841 19843 19853 19868 19874 19875 19876 19885 19887 19890 19901 19914 
	}
	naval_terrain=void
	weather={
	}
}
