
strategic_region={
	id=210
	name="STRATEGICREGION_210"
	provinces={
		289 604 917 1207 1221 1317 1424 1665 2017 2133 2180 2415 2472 2581 2761 2813 2815 2910 2976 3172 3183 3213 3256 3285 3344 3382 3465 3533 3564 3687 3709 3801 3847 3900 3987 4201 4442 4491 4602 4758 4801 5018 5045 5113 5233 5323 5334 5527 5552 5705 5754 5776 5828 5852 5932 5982 6107 9278 9326 9338 9365 9386 9394 9402 9420 9436 9449 9457 9465 9490 9496 9497 9512 9547 9585 9593 9594 9598 9605 9624 9625 9641 9655 9656 9665 9666 9716 9717 9725 9726 9748 9755 9765 9766 9774 9782 9783 9784 9791 9797 9815 9820 9829 9831 9840 9847 9863 9869 9870 9871 9888 9897 9898 9921 9922 9923 9924 9925 9939 9947 9967 9968 9974 9977 9978 9987 10010 10011 10025 10026 10037 10038 10054 10060 10072 10073 10081 10104 10112 10113 10127 10144 10151 10152 10180 10192 10222 10242 10258 10259 10268 10284 10293 10316 
	}
	weather={
	}
}
