
strategic_region={
	id=211
	name="STRATEGICREGION_211"
	provinces={
		419 726 781 1033 1411 1647 1813 1831 1849 1983 2120 2294 2336 2400 2965 3025 3297 3366 3491 3514 3545 3552 3668 3708 3881 4066 4332 4545 5092 5140 5257 5278 5497 5505 5584 5614 5725 5781 5802 5813 5882 5904 5918 6149 9479 9482 9486 9487 9495 9510 9522 9523 9535 9536 9537 9538 9544 9552 9553 9559 9560 9564 9576 9584 9587 9588 9589 9604 9613 9614 9615 9631 9632 9645 9646 9653 9654 9663 9669 9670 9671 9675 9676 9695 9712 9713 9714 9724 9729 9730 9731 9732 9738 9739 9745 9746 9754 9761 9762 9772 9780 9781 9788 9805 9806 9807 9813 9827 9839 9845 9846 9851 9852 9859 9862 9876 9883 9887 9894 9895 9906 9907 9914 9927 9950 9984 9991 9997 10001 10002 10022 10033 10048 10049 10078 10096 10097 10118 10130 
	}
	weather={
	}
}
