
strategic_region={
	id=212
	name="STRATEGICREGION_212"
	provinces={
		41 80 169 198 369 517 518 582 629 699 843 875 900 924 950 1145 1211 1231 1385 1403 1764 1771 1824 1911 1934 1951 1956 1987 2382 2476 2517 2519 2522 2537 2692 2733 2786 2906 3041 3063 3167 3169 3182 3265 3288 3383 3447 3688 3743 3765 3901 3996 4081 4115 4143 4145 4325 4390 4503 4532 4832 4934 4944 4951 4974 4999 5064 5161 5352 5479 5482 5577 5800 5922 5949 5958 6063 6239 6245 8310 8311 8352 8353 8354 8382 8393 8394 8398 8412 8413 8440 8447 8461 8468 8477 8478 8490 8491 8509 8528 8529 8546 8566 8574 8575 8576 8585 8595 8602 8624 8625 8626 8643 8644 8645 8654 8674 8693 8694 8708 8709 8721 8733 8749 8762 8763 8773 8782 8793 8809 8829 8830 8843 8851 8858 8888 8889 8890 8904 8908 8909 8918 8936 8937 8945 8954 8962 8963 8971 8980 8989 8990 8991 8996 8997 9007 9020 9021 9035 9036 9047 9048 9049 9059 9060 9061 9062 9071 9084 9085 9090 9091 9092 9107 9133 9139 9147 9152 9153 9164 9172 9187 9188 9195 9196 9205 9215 9216 9221 9231 9232 9237 9242 9243 9258 9276 9277 9286 9287 9302 9316 9317 9330 9331 9335 9336 9341 9364 9372 9373 9374 9384 9391 9392 9411 9433 9434 9441 9448 9454 9463 9480 9483 9485 
	}
	weather={
	}
}
