
strategic_region={
	id=213
	name="STRATEGICREGION_213"
	provinces={
		255 343 564 612 618 963 1177 1334 1412 1426 1493 1557 1733 1770 1830 2124 2224 2240 2503 2569 2717 2989 3239 3433 3548 3620 3781 3846 3853 4004 4127 4338 4427 4609 4641 4904 5094 5261 5268 5394 5448 5546 5589 5670 5710 5794 5817 5844 5893 6030 6070 6097 6233 11948 11996 12009 12010 12028 12068 12082 12083 12084 12101 12132 12137 12150 12155 12166 12167 12188 12205 12217 12229 12239 12240 12257 12278 12303 12304 12310 12324 12333 12343 12361 12368 12369 12382 12400 12409 12416 12417 12428 12453 12454 12478 12483 12490 12505 12512 12521 12541 12560 12566 12586 12587 12602 12603 12612 12659 12661 12681 
	}
	weather={
	}
}
