
strategic_region={
	id=220
	name="STRATEGICREGION_220"
	provinces={
		169 327 699 726 950 1033 1411 1849 1983 1987 2120 2370 2382 2517 2786 3265 3297 3383 3447 3514 3688 3743 3901 4145 4332 4934 4951 4974 5140 5257 5497 5614 5802 5904 6239 9021 9061 9084 9085 9090 9133 9152 9172 9187 9195 9215 9221 9242 9243 9286 9287 9316 9317 9330 9335 9336 9364 9372 9384 9391 9392 9410 9411 9433 9434 9448 9454 9463 9477 9478 9482 9485 9486 9510 9522 9536 9552 9553 9559 9560 9576 9587 9604 9615 9631 9663 9671 9675 9731 9732 9739 9745 9754 9781 9788 9805 9806 9813 
	}
	weather={
	}
}
