
strategic_region={
	id=241
	name="STRATEGICREGION_241"
	provinces={
		15201 15247 15256 15304 15356 15408 15454 15469 15746 15753 15839 15852 15974 16087 16091 16138 16191 16216 16529 16601 16610 16672 16690 16748 16781 16789 16792 16851 16853 16880 17002 17025 17026 17132 17146 17154 17260 17261 17265 17339 17343 17375 17418 17428 17456 17581 17613 17665 17745 17930 18039 18042 18054 18165 18168 18198 18250 18729 18780 18803 18827 18937 19004 19014 19067 19078 19126 19816 19823 19826 19828 19830 19846 19847 19850 19851 19861 19863 19865 19879 19883 19900 19907 19917 
	}
	naval_terrain=water_deep_ocean
	weather={
	}
}
