
strategic_region={
	id=259
	name="STRATEGICREGION_259"
	provinces={
		277 495 825 1071 1193 1243 1575 1627 1929 2095 2185 2297 2785 2889 2924 3117 3138 3166 3195 3222 3225 3273 3348 3356 3707 3966 4024 4072 4092 4315 4410 4411 4456 4487 4520 4567 4741 4809 5025 5135 5600 5676 5724 5782 5906 6056 6145 6195 6240 13988 13994 14045 14136 14145 14146 14177 14200 14218 14220 14229 14234 14235 14250 14251 14280 14281 14290 14291 14293 14312 14313 14319 14326 14330 14349 14360 14364 14365 14375 14376 14377 14382 14383 14389 14396 14401 14415 14419 14427 14428 14429 14436 14437 14438 14454 14464 14478 14479 14487 14488 14498 14499 14504 14505 14506 14517 14521 14541 14552 
	}
	weather={
	}
}
