
strategic_region={
	id=261
	name="STRATEGICREGION_261"
	provinces={
		176 505 691 729 1742 1976 2844 2984 3089 3120 3469 3669 3760 4162 4473 4717 4756 4811 4923 5273 5307 5329 5438 5495 5880 6062 6082 12473 12561 12576 12581 12596 12623 12641 12666 12667 12682 12696 12710 12713 12728 12736 12737 12738 12756 12762 12797 12806 12832 12839 12840 12841 12881 12903 12909 12937 12989 13023 13028 13048 13064 13081 13113 13119 13139 13148 13163 13208 13355 13428 13463 13500 13584 13619 
	}
	weather={
	}
}
