
strategic_region={
	id=262
	name="STRATEGICREGION_262"
	provinces={
		106 185 483 784 980 1454 1572 1649 1912 2043 2052 2129 2243 2583 2695 3325 3632 3645 4050 4069 4091 4107 4269 4309 4406 4579 4676 4690 4865 4870 5046 5247 5297 5547 5723 6243 6250 12185 12231 12241 12268 12311 12353 12363 12376 12389 12410 12422 12430 12431 12442 12455 12456 12465 12479 12491 12492 12506 12507 12508 12513 12514 12535 12548 12549 12550 12551 12562 12567 12572 12573 12582 12593 12604 12605 12606 12607 12613 12636 12642 12645 12668 12669 12675 12677 12678 12687 12697 12702 12706 12711 12724 12729 12730 12741 12753 12757 12763 12791 12798 12811 12845 12864 12891 
	}
	weather={
	}
}
