
strategic_region={
	id=263
	name="STRATEGICREGION_263"
	provinces={
		15 274 415 678 731 765 872 903 1090 1100 1230 1357 1371 1392 1587 1642 2208 2222 2305 2490 2560 2637 2869 2899 3091 3207 3320 3486 3673 3700 3868 3907 4022 4227 4257 4458 4475 4595 4630 4692 4731 4755 4762 4851 4949 4984 5143 5869 5908 5910 6042 6160 6184 12717 12758 12759 12774 12799 12800 12807 12823 12833 12846 12854 12855 12866 12867 12898 12904 12910 12928 12938 12944 12945 12961 12962 12963 12982 12999 13013 13034 13039 13040 13050 13058 13072 13088 13094 13095 13100 13111 13122 13123 13128 13129 13140 13149 13153 13166 13175 13176 13177 13186 13209 13216 13223 13224 13229 13230 13231 13232 13239 13240 13247 13248 13269 13270 13285 13286 13287 13288 13295 13332 13333 13367 13382 13393 13410 13429 13452 13453 13465 13479 13511 13521 13531 13533 13555 13569 13571 13585 13596 13597 13603 13666 
	}
	weather={
	}
}
