strategic_region={
	id=264
	name="STRATEGICREGION_264"
	provinces={
		25 53 60 181 263 465 495 617 656 669 738 740 1061 1071 1193 1243 1247 1332 1455 1526 1575 1625 1626 1627 1652 1704 1783 1788 1848 1878 1929 1944 2000 2001 2054 2096 2185 2215 2244 2313 2314 2323 2417 2447 2478 2501 2533 2568 2619 2683 2855 2870 2872 2889 2898 2907 2908 2921 2924 2964 3036 3117 3139 3187 3195 3225 3262 3273 3330 3356 3412 3555 3557 3707 3746 3779 3817 3897 3913 3991 4002 4024 4092 4105 4180 4307 4315 4410 4456 4477 4486 4502 4520 4599 4612 4638 4737 4791 4828 4856 4862 4877 5003 5010 5025 5033 5062 5091 5135 5194 5217 5301 5341 5377 5381 5395 5410 5436 5445 5470 5476 5598 5600 5601 5642 5644 5671 5676 5708 5714 5727 5757 5761 5782 5827 5830 5837 5843 5867 5941 5971 6047 6053 6056 6075 6094 6127 6133 6161 6195 6220 6254 7762 7999 8032 8095 8134 8164 8172 8251 8295 8352 8482 8497 8518 8745 8758 8849 9178 9248 9353 10089 10233 12387 13827 13926 13927 13955 13971 13980 13992 13996 14006 14030 14032 14038 14047 14053 14054 14068 14071 14085 14086 14095 14096 14104 14105 14112 14113 14116 14117 14118 14119 14128 14137 14138 14139 14147 14148 14149 14158 14169 14170 14178 14179 14186 14193 14194 14203 14204 14221 14222 14231 14236 14242 14250 14252 14253 14254 14260 14266 14267 14273 14280 14281 14282 14283 14293 14294 14295 14312 14313 14314 14315 14320 14326 14330 14331 14332 14341 14342 14343 14344 14349 14350 14351 14352 14360 14364 14365 14366 14367 14376 14377 14378 14379 14382 14383 14384 14389 14390 14391 14392 14396 14397 14401 14402 14403 14404 14415 14419 14420 14421 14427 14428 14429 14430 14431 14437 14438 14439 14445 14446 14450 14451 14454 14455 14456 14465 14471 14479 14480 14481 14487 14488 14489 14490 14498 14499 14504 14505 14506 14507 14508 14518 14522 14535 14541 14542 14548 14552 14553 14554 14555 14572 14573 14574 14583 14589 14599 14600 14601 14602 14603 14608 14616 14617 14623 14624 14628 14629 14630 14636 14637 14650 14651 14652 14653 14658 14667 14668 14669 14670 14671 14676 14681 14687 14688 14689 14692 14693 14694 14701 14702 14707 14713 14722 14726 14727 14728 14730 14731 14732 14737 14742 14743 14744 14752 14757 14758 14760 14761 14772 14777 14782 14787 14789 14796 14797 14798 14807 14812 14813 14822 14828 14829 14830 14835 14836 14848 14849 14859 14860 14866 14867 14868 14871 14879 14880 14881 14887 14896 14897 14898 14899 14909 14910 14911 14916 14917 14925 14936 14941 15020 15028 15034 15042 15056 15072 15077 15078 15085 15087 15088 15092 15095 15098 15123 15127 15128 15289 15558 16154 17883 19814 
	}
	weather={
		period={
			between={ 0.0 30.0 }
			temperature={ 8.0 22.0 }
			no_phenomenon=0
			rain_light=0
			rain_heavy=0
			snow=0
			blizzard=0
			arctic_water=0
			mud=0
			sandstorm=0
			min_snow_level=0
		}
		period={
			between={ 0.1 27.1 }
			temperature={ 10.0 24.0 }
			no_phenomenon=0
			rain_light=0
			rain_heavy=0
			snow=0
			blizzard=0
			arctic_water=0
			mud=0
			sandstorm=0
			min_snow_level=0
		}
		period={
			between={ 0.2 30.2 }
			temperature={ 14.0 28.0 }
			no_phenomenon=0
			rain_light=0
			rain_heavy=0
			snow=0
			blizzard=0
			arctic_water=0
			mud=0
			sandstorm=0
			min_snow_level=0
		}
		period={
			between={ 0.3 29.3 }
			temperature={ 18.0 33.0 }
			no_phenomenon=0
			rain_light=0
			rain_heavy=0
			snow=0
			blizzard=0
			arctic_water=0
			mud=0
			sandstorm=0
			min_snow_level=0
		}
		period={
			between={ 0.4 30.4 }
			temperature={ 22.0 38.0 }
			no_phenomenon=0
			rain_light=0
			rain_heavy=0
			snow=0
			blizzard=0
			arctic_water=0
			mud=0
			sandstorm=0
			min_snow_level=0
		}
		period={
			between={ 0.5 29.5 }
			temperature={ 26.0 42.0 }
			no_phenomenon=0
			rain_light=0
			rain_heavy=0
			snow=0
			blizzard=0
			arctic_water=0
			mud=0
			sandstorm=0
			min_snow_level=0
		}
		period={
			between={ 0.6 30.6 }
			temperature={ 28.0 44.0 }
			no_phenomenon=0
			rain_light=0
			rain_heavy=0
			snow=0
			blizzard=0
			arctic_water=0
			mud=0
			sandstorm=0
			min_snow_level=0
		}
		period={
			between={ 0.7 30.7 }
			temperature={ 28.0 44.0 }
			no_phenomenon=0
			rain_light=0
			rain_heavy=0
			snow=0
			blizzard=0
			arctic_water=0
			mud=0
			sandstorm=0
			min_snow_level=0
		}
		period={
			between={ 0.8 29.8 }
			temperature={ 24.0 39.0 }
			no_phenomenon=0
			rain_light=0
			rain_heavy=0
			snow=0
			blizzard=0
			arctic_water=0
			mud=0
			sandstorm=0
			min_snow_level=0
		}
		period={
			between={ 0.9 30.9 }
			temperature={ 18.0 33.0 }
			no_phenomenon=0
			rain_light=0
			rain_heavy=0
			snow=0
			blizzard=0
			arctic_water=0
			mud=0
			sandstorm=0
			min_snow_level=0
		}
		period={
			between={ 0.10 29.10 }
			temperature={ 12.0 27.0 }
			no_phenomenon=0
			rain_light=0
			rain_heavy=0
			snow=0
			blizzard=0
			arctic_water=0
			mud=0
			sandstorm=0
			min_snow_level=0
		}
		period={
			between={ 0.11 30.11 }
			temperature={ 8.0 22.0 }
			no_phenomenon=0
			rain_light=0
			rain_heavy=0
			snow=0
			blizzard=0
			arctic_water=0
			mud=0
			sandstorm=0
			min_snow_level=0
		}
	}
}
