
strategic_region={
	id=76
	name="STRATEGICREGION_76"
	provinces={
		27 75 119 174 183 209 211 283 319 328 422 513 523 529 623 632 641 657 702 707 755 762 774 839 871 885 919 951 1041 1055 1064 1074 1076 1140 1141 1150 1172 1173 1199 1237 1252 1300 1319 1337 1417 1420 1448 1485 1528 1601 1658 1663 1668 1675 1708 1750 1763 1794 1801 1808 1811 1812 1846 1851 1868 1869 1921 1977 2006 2015 2029 2060 2064 2118 2121 2178 2179 2186 2187 2245 2246 2257 2263 2350 2390 2402 2403 2442 2459 2480 2521 2541 2621 2626 2668 2700 2725 2750 2833 2864 2909 2917 3002 3024 3029 3030 3054 3115 3131 3141 3156 3190 3221 3227 3248 3260 3272 3321 3324 3384 3423 3429 3450 3496 3519 3538 3544 3559 3568 3647 3672 3690 3704 3742 3756 3816 3820 3834 3856 3867 3894 3947 3961 3965 3982 4046 4051 4130 4184 4216 4255 4282 4299 4348 4355 4425 4446 4454 4455 4468 4483 4508 4548 4558 4577 4620 4647 4685 4734 4746 4751 4826 4889 4945 4953 4955 4990 5021 5086 5149 5177 5208 5227 5231 5239 5245 5295 5371 5397 5419 5433 5472 5488 5494 5499 5551 5615 5616 5686 5738 5748 5768 5848 5887 5900 5903 5917 5946 5988 6071 6193 6216 6579 6584 6624 6629 6651 6654 6671 6709 6716 6717 6725 6747 6764 6767 6768 6769 6772 6773 6774 6782 6783 6787 6788 6805 6816 6820 6821 6829 6833 6834 6835 6838 6846 6852 6858 6869 6870 6876 6882 6890 6893 6899 6903 6904 6915 6916 6927 6928 6965 6971 6988 6992 7004 7017 7020 7043 7051 7052 7081 7082 7096 7097 7100 7101 7110 7117 7125 7145 7167 7168 7169 7191 7192 7193 7199 7200 7217 7218 7231 7256 7262 7265 7278 7292 7315 7316 7324 7330 7337 7346 7350 7368 7379 7380 7381 7387 7398 7419 7420 7445 7446 7447 7448 7455 7492 7502 7503 7524 7532 7561 7580 7581 7582 7613 7621 7625 7630 7647 7648 7652 7665 7680 7688 7720 7728 7729 7736 7737 7747 7774 7785 7798 7810 7811 7821 7827 7828 7841 7855 7856 7857 7887 7888 7911 7918 7926 7927 7959 7960 7978 7989 8011 8022 8028 8071 8072 8085 8086 8087 8099 8115 8116 8129 8133 8212 8213 8232 8233 8246 8257 8294 8304 8305 8344 8374 8399 8441 8442 8454 8510 8548 8628 8629 8638 8712 8736 8737 8802 8803 8810 8864 8865 8866 8929 8940 8981 9072 9087 9140 9158 9190 9209 9289 9305 9319 9349 9379 9387 9533 9608 15099 15100 15101 15102 15103 15104 15105 15106 15107 15108 15109 15110 15111 15112 15162 15207 15273 15324 15404 15460 15643 15728 15729 15732 15769 16088 16122 16252 16341 16483 16500 16647 16711 16798 16984 17307 17422 17488 17494 17499 17579 17764 17798 17939 18095 18162 18302 18434 18476 18493 18616 18658 18706 18742 18763 18771 18781 18793 18858 18891 18915 18945 18964 18974 18995 19055 19063 19093 19117 19162 19380 19435 19446 19455 19459 19477 19486 19507 
	}
	weather={
		period={
			between={ 0.0 30.0 }
			temperature={ -10.0 35.0 }
			no_phenomenon=1.500
			rain_light=0.250
			rain_heavy=0.100
			snow=0.000
			blizzard=0.000
			arctic_water=0.000
			mud=0.000
			sandstorm=0.000
			min_snow_level=0.000
		}
		period={
			between={ 0.1 27.1 }
			temperature={ -10.0 35.0 }
			no_phenomenon=1.500
			rain_light=0.250
			rain_heavy=0.100
			snow=0.000
			blizzard=0.000
			arctic_water=0.000
			mud=0.000
			sandstorm=0.000
			min_snow_level=0.000
		}
		period={
			between={ 0.2 30.2 }
			temperature={ -10.0 35.0 }
			no_phenomenon=1.500
			rain_light=0.250
			rain_heavy=0.100
			snow=0.000
			blizzard=0.000
			arctic_water=0.000
			mud=0.000
			sandstorm=0.000
			min_snow_level=0.000
		}
		period={
			between={ 0.3 29.3 }
			temperature={ -10.0 35.0 }
			no_phenomenon=1.500
			rain_light=0.250
			rain_heavy=0.100
			snow=0.000
			blizzard=0.000
			arctic_water=0.000
			mud=0.000
			sandstorm=0.000
			min_snow_level=0.000
		}
		period={
			between={ 0.4 30.4 }
			temperature={ -10.0 35.0 }
			no_phenomenon=1.500
			rain_light=0.250
			rain_heavy=0.100
			snow=0.000
			blizzard=0.000
			arctic_water=0.000
			mud=0.000
			sandstorm=0.000
			min_snow_level=0.000
		}
		period={
			between={ 0.5 29.5 }
			temperature={ -10.0 35.0 }
			no_phenomenon=1.500
			rain_light=0.250
			rain_heavy=0.100
			snow=0.000
			blizzard=0.000
			arctic_water=0.000
			mud=0.000
			sandstorm=0.000
			min_snow_level=0.000
		}
		period={
			between={ 0.6 30.6 }
			temperature={ -10.0 35.0 }
			no_phenomenon=1.500
			rain_light=0.250
			rain_heavy=0.100
			snow=0.000
			blizzard=0.000
			arctic_water=0.000
			mud=0.000
			sandstorm=0.000
			min_snow_level=0.000
		}
		period={
			between={ 0.7 30.7 }
			temperature={ -10.0 35.0 }
			no_phenomenon=1.500
			rain_light=0.250
			rain_heavy=0.100
			snow=0.000
			blizzard=0.000
			arctic_water=0.000
			mud=0.000
			sandstorm=0.000
			min_snow_level=0.000
		}
		period={
			between={ 0.8 29.8 }
			temperature={ -10.0 35.0 }
			no_phenomenon=1.500
			rain_light=0.250
			rain_heavy=0.100
			snow=0.000
			blizzard=0.000
			arctic_water=0.000
			mud=0.000
			sandstorm=0.000
			min_snow_level=0.000
		}
		period={
			between={ 0.9 30.9 }
			temperature={ -10.0 35.0 }
			no_phenomenon=1.500
			rain_light=0.250
			rain_heavy=0.100
			snow=0.000
			blizzard=0.000
			arctic_water=0.000
			mud=0.000
			sandstorm=0.000
			min_snow_level=0.000
		}
		period={
			between={ 0.10 29.10 }
			temperature={ -10.0 35.0 }
			no_phenomenon=1.500
			rain_light=0.250
			rain_heavy=0.100
			snow=0.000
			blizzard=0.000
			arctic_water=0.000
			mud=0.000
			sandstorm=0.000
			min_snow_level=0.000
		}
		period={
			between={ 0.11 30.11 }
			temperature={ -10.0 35.0 }
			no_phenomenon=1.500
			rain_light=0.250
			rain_heavy=0.100
			snow=0.000
			blizzard=0.000
			arctic_water=0.000
			mud=0.000
			sandstorm=0.000
			min_snow_level=0.000
		}
		period={
			between={ 4.11 21.11 }
			temperature={ -10.0 35.0 }
			no_phenomenon=1.500
			rain_light=0.250
			rain_heavy=0.100
			snow=0.000
			blizzard=0.000
			arctic_water=0.000
			mud=0.000
			sandstorm=0.000
			min_snow_level=0.000
		}
	}
}
