
strategic_region={
	id=78
	name="STRATEGICREGION_78"
	provinces={
		17 22 85 86 95 97 103 127 144 154 161 220 221 224 264 278 282 284 301 313 337 362 378 379 385 389 392 402 453 454 457 463 466 484 490 497 500 515 528 536 542 555 558 559 572 577 591 596 601 602 608 647 666 673 686 689 704 712 728 735 751 766 785 793 794 799 820 828 833 849 866 868 879 907 923 929 944 954 961 965 1002 1051 1054 1059 1065 1075 1083 1101 1106 1133 1134 1148 1161 1166 1171 1175 1178 1186 1188 1209 1214 1235 1255 1286 1311 1321 1330 1333 1335 1348 1352 1369 1375 1381 1382 1383 1399 1402 1404 1422 1444 1446 1463 1466 1483 1484 1487 1495 1499 1512 1527 1536 1542 1543 1596 1623 1637 1655 1661 1672 1683 1689 1700 1707 1717 1719 1723 1726 1734 1736 1741 1752 1777 1786 1789 1792 1807 1836 1857 1858 1861 1870 1900 1901 1920 1935 1945 1965 1999 2003 2036 2044 2045 2049 2061 2065 2067 2069 2115 2168 2191 2220 2228 2231 2250 2285 2290 2298 2329 2332 2342 2347 2373 2380 2381 2386 2391 2395 2411 2418 2420 2425 2429 2433 2435 2445 2460 2462 2495 2505 2514 2527 2539 2570 2574 2592 2607 2625 2636 2640 2648 2676 2693 2722 2751 2752 2767 2789 2790 2797 2800 2803 2811 2819 2824 2836 2845 2854 2866 2878 2884 2893 2919 2922 2925 2926 2931 2959 2977 3018 3033 3034 3068 3075 3079 3096 3102 3105 3107 3122 3143 3145 3150 3155 3198 3199 3229 3238 3244 3246 3269 3279 3303 3316 3318 3328 3332 3355 3373 3380 3399 3405 3431 3449 3451 3487 3489 3492 3537 3586 3608 3609 3626 3634 3640 3655 3674 3677 3686 3722 3736 3737 3757 3787 3788 3806 3808 3814 3824 3839 3879 3883 3890 3921 3944 3964 3974 3975 4001 4015 4018 4021 4026 4040 4055 4067 4068 4077 4082 4117 4121 4133 4147 4152 4153 4157 4159 4164 4165 4173 4186 4193 4196 4200 4203 4204 4219 4243 4250 4276 4345 4350 4360 4367 4372 4377 4419 4426 4432 4443 4472 4513 4519 4527 4543 4564 4572 4633 4677 4679 4708 4711 4720 4754 4766 4769 4770 4775 4783 4790 4806 4848 4872 4896 4901 4906 4918 4924 4935 4950 4986 4987 5005 5026 5047 5050 5057 5059 5065 5068 5075 5076 5093 5147 5170 5196 5211 5251 5275 5277 5361 5374 5386 5392 5403 5411 5432 5485 5523 5549 5565 5574 5620 5628 5649 5678 5692 5696 5719 5743 5753 5764 5787 5789 5795 5799 5815 5876 5902 5925 5936 5991 6002 6072 6117 6140 6142 6144 6163 6198 6231 6249 6255 6313 6316 6320 6323 6324 6328 6329 6335 6336 6339 6340 6342 6346 6347 6351 6353 6354 6356 6357 6362 6363 6365 6366 6367 6369 6372 6373 6376 6380 6382 6383 6388 6389 6391 6392 6394 6396 6397 6398 6403 6408 6409 6410 6411 6412 6413 6416 6417 6421 6422 6423 6425 6427 6430 6431 6433 6434 6437 6438 6439 6445 6452 6457 6458 6462 6467 6476 6477 6480 6489 6492 6493 6503 6506 6507 6508 6509 6511 6520 6524 6529 6536 6539 6542 6543 6544 6549 6550 6551 6571 6572 6575 6580 6581 6586 6591 6592 6596 6602 6603 6608 6609 6612 6631 6632 6636 6637 6644 6655 6656 6661 6665 6673 6678 6683 6689 6692 6693 6696 6700 6701 6702 6721 6727 6732 6733 6741 6742 6756 6757 6759 6760 6765 6776 6794 6798 6799 6806 6807 6822 6828 6839 6840 6841 6847 6848 6854 6859 6860 6872 6878 6879 6888 6905 6906 6907 6911 6918 6934 6935 6940 6942 6945 6946 6972 6973 6980 6981 6982 6989 6997 7007 7028 7035 7067 7072 7073 7083 7088 7089 7098 7121 7126 7141 7150 7151 7184 7194 7195 7209 7219 7246 7247 7248 7257 7267 7268 7293 7294 7304 7305 7306 7317 7325 7331 7339 7347 7351 7352 7370 7382 7383 7389 7400 7407 7466 7467 7480 7484 7505 7506 7542 7548 7555 7614 7626 7632 7667 7694 7695 7711 7712 7713 7721 7754 7764 7775 7812 7813 7822 7866 7873 7901 7902 7929 7947 7979 7991 8003 8030 8031 8039 8050 8080 8100 8118 8153 8154 8155 8168 8184 8207 8234 8253 8258 8272 8273 8313 8324 8332 8365 8384 8422 8455 8463 8470 8494 8495 8530 8537 8578 8586 8587 8656 8664 8676 8738 8785 8868 8920 8931 8955 8956 8982 9030 9177 9246 9267 9268 9290 9291 9307 9342 9350 9367 9388 9442 9466 9500 9524 9618 9636 9659 9698 9705 9706 9719 9720 9767 9785 9794 9811 9856 9873 9910 9935 9936 9955 9993 10013 10030 10031 10055 10061 
	}
	weather={
		period={
			between={ 0.0 30.0 }
			temperature={ -10.0 35.0 }
			no_phenomenon=1.500
			rain_light=0.250
			rain_heavy=0.100
			snow=0.000
			blizzard=0.000
			arctic_water=0.000
			mud=0.000
			sandstorm=0.000
			min_snow_level=0.000
		}
		period={
			between={ 0.1 27.1 }
			temperature={ -10.0 35.0 }
			no_phenomenon=1.500
			rain_light=0.250
			rain_heavy=0.100
			snow=0.000
			blizzard=0.000
			arctic_water=0.000
			mud=0.000
			sandstorm=0.000
			min_snow_level=0.000
		}
		period={
			between={ 0.2 30.2 }
			temperature={ -10.0 35.0 }
			no_phenomenon=1.500
			rain_light=0.250
			rain_heavy=0.100
			snow=0.000
			blizzard=0.000
			arctic_water=0.000
			mud=0.000
			sandstorm=0.000
			min_snow_level=0.000
		}
		period={
			between={ 0.3 29.3 }
			temperature={ -10.0 35.0 }
			no_phenomenon=1.500
			rain_light=0.250
			rain_heavy=0.100
			snow=0.000
			blizzard=0.000
			arctic_water=0.000
			mud=0.000
			sandstorm=0.000
			min_snow_level=0.000
		}
		period={
			between={ 0.4 30.4 }
			temperature={ -10.0 35.0 }
			no_phenomenon=1.500
			rain_light=0.250
			rain_heavy=0.100
			snow=0.000
			blizzard=0.000
			arctic_water=0.000
			mud=0.000
			sandstorm=0.000
			min_snow_level=0.000
		}
		period={
			between={ 0.5 29.5 }
			temperature={ -10.0 35.0 }
			no_phenomenon=1.500
			rain_light=0.250
			rain_heavy=0.100
			snow=0.000
			blizzard=0.000
			arctic_water=0.000
			mud=0.000
			sandstorm=0.000
			min_snow_level=0.000
		}
		period={
			between={ 0.6 30.6 }
			temperature={ -10.0 35.0 }
			no_phenomenon=1.500
			rain_light=0.250
			rain_heavy=0.100
			snow=0.000
			blizzard=0.000
			arctic_water=0.000
			mud=0.000
			sandstorm=0.000
			min_snow_level=0.000
		}
		period={
			between={ 0.7 30.7 }
			temperature={ -10.0 35.0 }
			no_phenomenon=1.500
			rain_light=0.250
			rain_heavy=0.100
			snow=0.000
			blizzard=0.000
			arctic_water=0.000
			mud=0.000
			sandstorm=0.000
			min_snow_level=0.000
		}
		period={
			between={ 0.8 29.8 }
			temperature={ -10.0 35.0 }
			no_phenomenon=1.500
			rain_light=0.250
			rain_heavy=0.100
			snow=0.000
			blizzard=0.000
			arctic_water=0.000
			mud=0.000
			sandstorm=0.000
			min_snow_level=0.000
		}
		period={
			between={ 0.9 30.9 }
			temperature={ -10.0 35.0 }
			no_phenomenon=1.500
			rain_light=0.250
			rain_heavy=0.100
			snow=0.000
			blizzard=0.000
			arctic_water=0.000
			mud=0.000
			sandstorm=0.000
			min_snow_level=0.000
		}
		period={
			between={ 0.10 29.10 }
			temperature={ -10.0 35.0 }
			no_phenomenon=1.500
			rain_light=0.250
			rain_heavy=0.100
			snow=0.000
			blizzard=0.000
			arctic_water=0.000
			mud=0.000
			sandstorm=0.000
			min_snow_level=0.000
		}
		period={
			between={ 0.11 30.11 }
			temperature={ -10.0 35.0 }
			no_phenomenon=1.500
			rain_light=0.250
			rain_heavy=0.100
			snow=0.000
			blizzard=0.000
			arctic_water=0.000
			mud=0.000
			sandstorm=0.000
			min_snow_level=0.000
		}
		period={
			between={ 4.11 21.11 }
			temperature={ -10.0 35.0 }
			no_phenomenon=1.500
			rain_light=0.250
			rain_heavy=0.100
			snow=0.000
			blizzard=0.000
			arctic_water=0.000
			mud=0.000
			sandstorm=0.000
			min_snow_level=0.000
		}
	}
}
