strategic_region={
	id=87
	name="STRATEGICREGION_87"
	provinces={
		5 12 88 105 191 205 227 261 286 347 464 724 764 813 832 836 911 968 978 984 1004 1019 1037 1058 1093 1232 1315 1336 1470 1492 1612 1644 1838 1993 2204 2270 2319 2369 2469 2497 2903 2997 3290 3401 3587 3785 3940 3969 4059 4097 4222 4262 4285 4466 4490 4838 5185 5390 5621 5762 6106 6188 6227 6377 6404 6486 6522 6557 6573 6585 6601 6614 6640 6641 6812 6864 6966 6978 7021 7027 7111 7146 7147 15172 15181 15182 15183 15203 15211 15233 15239 15250 15278 15280 15285 15293 15307 15325 15328 15348 15362 15379 15381 15382 15417 15426 15449 15456 15464 15474 15483 15484 15503 15507 15524 15543 15551 15552 15555 15557 15572 15576 15579 15626 15636 15641 15644 15659 15667 15668 15674 15688 15702 15713 15717 15731 15735 15755 15771 15780 15788 15795 15801 15806 15810 15811 15812 15824 15846 15885 15888 15889 15892 15898 15903 15906 15907 15910 15952 15953 15969 15973 15975 15985 15997 15999 16000 16026 16029 16056 16060 16076 16081 16083 16093 16101 16103 16104 16108 16121 16124 16126 16128 16136 16137 16157 16160 16161 16168 16199 16201 16203 16211 16215 16227 16235 16261 16267 16288 16311 16314 16333 16336 16390 16414 16419 16433 16436 16457 16481 16487 16495 16498 16507 16508 16520 16528 16532 16537 16543 16552 16554 16555 16557 16565 16591 16593 16594 16599 16605 16619 16623 16643 16649 16652 16657 16664 16682 16685 16695 16732 16736 16785 16800 16802 16823 16845 16846 16876 16887 16892 16903 16919 16920 16921 16959 16966 16983 16987 16988 17000 17005 17024 17052 17057 17061 17079 17081 17086 17088 17095 17110 17113 17122 17129 17138 17141 17151 17155 17156 17166 17167 17175 17176 17193 17204 17220 17224 17230 17235 17246 17266 17270 17275 17276 17300 17344 17359 17360 17373 17386 17391 17398 17404 17408 17409 17438 17443 17448 17453 17461 17462 17508 17514 17524 17534 17536 17540 17558 17564 17573 17583 17588 17591 17592 17638 17643 17655 17656 17664 17673 17675 17676 17691 17706 17718 17729 17736 17738 17742 17744 17750 17761 17767 17775 17789 17796 17836 17847 17857 17871 17876 17878 17889 17892 17924 17945 17958 17979 17981 18014 18033 18074 18078 18086 18093 18104 18107 18127 18135 18177 18182 18191 18203 18226 18232 18239 18261 18263 18322 18325 18334 18339 18340 18352 18384 18393 18394 18398 18419 18430 18431 18436 18437 18439 18456 18474 18481 18483 18492 18496 18499 18509 18519 18539 18546 18551 18565 18573 18595 18629 18640 18644 18671 18676 18678 18683 18685 18696 18709 18748 18754 18761 18767 18769 18789 18795 18799 18812 18813 18823 18833 18840 18847 18859 18875 18890 18896 18909 18911 18923 18928 18932 18943 18967 18970 18972 18989 18990 18994 19036 19040 19065 19082 19087 19114 19125 19156 19167 19168 19174 19326 19327 19346 19355 19362 19384 19386 19392 19403 19408 19417 19428 19440 19471 19472 19473 19484 19487 19493 19511 19526 19537 19540 19547 19550 19551 19591 19610 19632 19655 19672 19695 19699 19728 19741 19815 19824 19837 19860 19867 19889 19893 19895 19906 19908 19911 19912 19916 3346 3392 5790 6352 
	}
	naval_terrain=water_crater_depths_ocean
	weather={
		period={
			between={ 0.0 30.0 }
			temperature={ -5.0 3.0 }
			no_phenomenon=0
			rain_light=0
			rain_heavy=0
			snow=0
			blizzard=0
			arctic_water=0
			mud=0
			sandstorm=0
			min_snow_level=0
		}
		period={
			between={ 0.1 27.1 }
			temperature={ -4.0 4.0 }
			no_phenomenon=0
			rain_light=0
			rain_heavy=0
			snow=0
			blizzard=0
			arctic_water=0
			mud=0
			sandstorm=0
			min_snow_level=0
		}
		period={
			between={ 0.2 30.2 }
			temperature={ -2.0 8.0 }
			no_phenomenon=0
			rain_light=0
			rain_heavy=0
			snow=0
			blizzard=0
			arctic_water=0
			mud=0
			sandstorm=0
			min_snow_level=0
		}
		period={
			between={ 0.3 29.3 }
			temperature={ 2.0 12.0 }
			no_phenomenon=0
			rain_light=0
			rain_heavy=0
			snow=0
			blizzard=0
			arctic_water=0
			mud=0
			sandstorm=0
			min_snow_level=0
		}
		period={
			between={ 0.4 30.4 }
			temperature={ 7.0 16.0 }
			no_phenomenon=0
			rain_light=0
			rain_heavy=0
			snow=0
			blizzard=0
			arctic_water=0
			mud=0
			sandstorm=0
			min_snow_level=0
		}
		period={
			between={ 0.5 29.5 }
			temperature={ 11.0 20.0 }
			no_phenomenon=0
			rain_light=0
			rain_heavy=0
			snow=0
			blizzard=0
			arctic_water=0
			mud=0
			sandstorm=0
			min_snow_level=0
		}
		period={
			between={ 0.6 30.6 }
			temperature={ 13.0 22.0 }
			no_phenomenon=0
			rain_light=0
			rain_heavy=0
			snow=0
			blizzard=0
			arctic_water=0
			mud=0
			sandstorm=0
			min_snow_level=0
		}
		period={
			between={ 0.7 30.7 }
			temperature={ 12.0 21.0 }
			no_phenomenon=0
			rain_light=0
			rain_heavy=0
			snow=0
			blizzard=0
			arctic_water=0
			mud=0
			sandstorm=0
			min_snow_level=0
		}
		period={
			between={ 0.8 29.8 }
			temperature={ 8.0 16.0 }
			no_phenomenon=0
			rain_light=0
			rain_heavy=0
			snow=0
			blizzard=0
			arctic_water=0
			mud=0
			sandstorm=0
			min_snow_level=0
		}
		period={
			between={ 0.9 30.9 }
			temperature={ 4.0 10.0 }
			no_phenomenon=0
			rain_light=0
			rain_heavy=0
			snow=0
			blizzard=0
			arctic_water=0
			mud=0
			sandstorm=0
			min_snow_level=0
		}
		period={
			between={ 0.10 29.10 }
			temperature={ 0.0 5.0 }
			no_phenomenon=0
			rain_light=0
			rain_heavy=0
			snow=0
			blizzard=0
			arctic_water=0
			mud=0
			sandstorm=0
			min_snow_level=0
		}
		period={
			between={ 0.11 30.11 }
			temperature={ -3.0 2.0 }
			no_phenomenon=0
			rain_light=0
			rain_heavy=0
			snow=0
			blizzard=0
			arctic_water=0
			mud=0
			sandstorm=0
			min_snow_level=0
		}
	}
}
