
strategic_region={
	id=88
	name="STRATEGICREGION_88"
	provinces={
		5 12 88 105 191 205 227 261 286 302 335 347 464 563 635 685 724 760 764 813 832 836 911 968 978 984 1004 1019 1037 1058 1088 1093 1232 1279 1315 1336 1470 1492 1498 1534 1612 1644 1838 1889 1993 2204 2270 2319 2369 2469 2497 2611 2718 2903 2914 2997 3058 3290 3401 3587 3785 3841 3919 3940 3969 4006 4059 4097 4222 4262 4285 4466 4490 4838 5185 5226 5390 5621 5762 6106 6188 6227 6293 6304 6307 6321 6325 6330 6332 6337 6343 6348 6349 6359 6377 6404 6486 6522 6557 6573 6585 6601 6614 6640 6641 6812 6864 6966 6978 7021 7027 7111 7146 7147 15172 15187 15196 15203 15211 15238 15248 15249 15305 15314 15315 15334 15348 15367 15376 15380 15382 15387 15397 15428 15447 15461 15481 15485 15511 15514 15544 15561 15571 15574 15582 15593 15604 15605 15609 15611 15614 15623 15626 15633 15641 15657 15688 15695 15696 15759 15761 15782 15791 15797 15810 15814 15836 15851 15867 15873 15875 15881 15888 15898 15902 15903 15906 15912 15914 15944 15949 15966 15969 15973 15978 15979 15994 15996 16000 16003 16020 16021 16047 16070 16076 16089 16103 16119 16121 16128 16159 16168 16173 16185 16196 16210 16211 16224 16231 16250 16264 16272 16286 16291 16294 16306 16310 16315 16344 16397 16399 16409 16433 16437 16458 16463 16480 16488 16495 16520 16531 16532 16534 16539 16541 16543 16546 16576 16587 16603 16614 16621 16627 16632 16643 16646 16649 16661 16666 16676 16682 16686 16691 16693 16701 16707 16709 16722 16732 16735 16736 16741 16754 16796 16822 16824 16826 16827 16834 16835 16840 16846 16892 16906 16919 16920 16921 16955 16959 16972 16988 17007 17016 17018 17027 17039 17046 17052 17077 17080 17113 17117 17122 17141 17155 17174 17204 17217 17227 17255 17263 17266 17270 17284 17295 17302 17308 17317 17322 17344 17349 17359 17374 17399 17408 17410 17412 17419 17424 17435 17453 17462 17538 17541 17551 17562 17563 17590 17592 17600 17602 17606 17617 17625 17628 17645 17652 17675 17679 17681 17687 17691 17708 17723 17729 17736 17738 17740 17744 17746 17750 17754 17761 17805 17813 17836 17880 17905 17908 17918 17922 17951 17953 17954 17958 17968 17973 17979 18014 18027 18030 18063 18065 18096 18102 18107 18127 18131 18184 18188 18203 18225 18242 18248 18257 18261 18303 18305 18325 18334 18351 18365 18369 18384 18389 18393 18398 18399 18419 18431 18441 18456 18460 18472 18482 18483 18484 18488 18494 18498 18509 18516 18519 18532 18539 18546 18551 18554 18565 18573 18576 18592 18595 18637 18644 18662 18683 18685 18694 18697 18702 18715 18752 18791 18799 18804 18896 18911 18912 18920 18927 18928 18932 18948 18958 18970 18972 18984 18989 18990 18992 19036 19047 19050 19058 19060 19071 19082 19083 19087 19094 19116 19125 19149 19151 19155 19157 19158 19159 19174 19182 19193 19194 19202 19206 19207 19208 19209 19210 19215 19218 19231 19232 19238 19242 19244 19245 19249 19251 19254 19259 19266 19268 19272 19274 19275 19282 19285 19290 19299 19303 19305 19326 19327 19333 19336 19346 19350 19351 19355 19362 19363 19381 19384 19386 19392 19395 19397 19401 19403 19408 19417 19426 19427 19428 19439 19440 19456 19473 19484 19493 19537 
	}
	naval_terrain=water_crater_depths_ocean
	weather={
		period={
			between={ 0.0 30.0 }
			temperature={ -10.0 35.0 }
			no_phenomenon=1.500
			rain_light=0.250
			rain_heavy=0.100
			snow=0.000
			blizzard=0.000
			arctic_water=0.000
			mud=0.000
			sandstorm=0.000
			min_snow_level=0.000
		}
		period={
			between={ 0.1 27.1 }
			temperature={ -10.0 35.0 }
			no_phenomenon=1.500
			rain_light=0.250
			rain_heavy=0.100
			snow=0.000
			blizzard=0.000
			arctic_water=0.000
			mud=0.000
			sandstorm=0.000
			min_snow_level=0.000
		}
		period={
			between={ 0.2 30.2 }
			temperature={ -10.0 35.0 }
			no_phenomenon=1.500
			rain_light=0.250
			rain_heavy=0.100
			snow=0.000
			blizzard=0.000
			arctic_water=0.000
			mud=0.000
			sandstorm=0.000
			min_snow_level=0.000
		}
		period={
			between={ 0.3 29.3 }
			temperature={ -10.0 35.0 }
			no_phenomenon=1.500
			rain_light=0.250
			rain_heavy=0.100
			snow=0.000
			blizzard=0.000
			arctic_water=0.000
			mud=0.000
			sandstorm=0.000
			min_snow_level=0.000
		}
		period={
			between={ 0.4 30.4 }
			temperature={ -10.0 35.0 }
			no_phenomenon=1.500
			rain_light=0.250
			rain_heavy=0.100
			snow=0.000
			blizzard=0.000
			arctic_water=0.000
			mud=0.000
			sandstorm=0.000
			min_snow_level=0.000
		}
		period={
			between={ 0.5 29.5 }
			temperature={ -10.0 35.0 }
			no_phenomenon=1.500
			rain_light=0.250
			rain_heavy=0.100
			snow=0.000
			blizzard=0.000
			arctic_water=0.000
			mud=0.000
			sandstorm=0.000
			min_snow_level=0.000
		}
		period={
			between={ 0.6 30.6 }
			temperature={ -10.0 35.0 }
			no_phenomenon=1.500
			rain_light=0.250
			rain_heavy=0.100
			snow=0.000
			blizzard=0.000
			arctic_water=0.000
			mud=0.000
			sandstorm=0.000
			min_snow_level=0.000
		}
		period={
			between={ 0.7 30.7 }
			temperature={ -10.0 35.0 }
			no_phenomenon=1.500
			rain_light=0.250
			rain_heavy=0.100
			snow=0.000
			blizzard=0.000
			arctic_water=0.000
			mud=0.000
			sandstorm=0.000
			min_snow_level=0.000
		}
		period={
			between={ 0.8 29.8 }
			temperature={ -10.0 35.0 }
			no_phenomenon=1.500
			rain_light=0.250
			rain_heavy=0.100
			snow=0.000
			blizzard=0.000
			arctic_water=0.000
			mud=0.000
			sandstorm=0.000
			min_snow_level=0.000
		}
		period={
			between={ 0.9 30.9 }
			temperature={ -10.0 35.0 }
			no_phenomenon=1.500
			rain_light=0.250
			rain_heavy=0.100
			snow=0.000
			blizzard=0.000
			arctic_water=0.000
			mud=0.000
			sandstorm=0.000
			min_snow_level=0.000
		}
		period={
			between={ 0.10 29.10 }
			temperature={ -10.0 35.0 }
			no_phenomenon=1.500
			rain_light=0.250
			rain_heavy=0.100
			snow=0.000
			blizzard=0.000
			arctic_water=0.000
			mud=0.000
			sandstorm=0.000
			min_snow_level=0.000
		}
		period={
			between={ 0.11 30.11 }
			temperature={ -10.0 35.0 }
			no_phenomenon=1.500
			rain_light=0.250
			rain_heavy=0.100
			snow=0.000
			blizzard=0.000
			arctic_water=0.000
			mud=0.000
			sandstorm=0.000
			min_snow_level=0.000
		}
		period={
			between={ 4.11 21.11 }
			temperature={ -10.0 35.0 }
			no_phenomenon=1.500
			rain_light=0.250
			rain_heavy=0.100
			snow=0.000
			blizzard=0.000
			arctic_water=0.000
			mud=0.000
			sandstorm=0.000
			min_snow_level=0.000
		}
	}
}
