
state={
	id=21
	name="STATE_21"
	resources={
		oil=0.000
		rubber=0.000
		tungsten=100.000
		chromium=0.000
	}

	history={
		owner = SDP
		buildings = {
			infrastructure = 2
			10896 = {
				naval_base = 8

			}
			industrial_complex = 0
			steel_complex = 5
			aluminium_complex = 5
			arms_factory = 0
			air_base = 0
			anti_air_building = 0

		}
		add_core_of = SDP

	}

	provinces={
		426 478 522 567 660 697 998 1124 1226 1356 1401 1418 1564 1613 1852 1915 2012 2132 2137 2230 2322 2561 2671 2699 2810 2853 2882 2945 3076 3148 3249 3309 3650 3681 3776 3902 4208 4261 4369 4407 4515 4691 4716 4721 4808 4902 4948 5031 5044 5073 5112 5162 5178 5248 5267 5465 5491 5641 5657 5730 5801 5891 5952 5972 6021 6177 6248 10330 10337 10338 10368 10369 10375 10381 10391 10406 10409 10416 10421 10433 10434 10444 10450 10473 10487 10498 10509 10510 10518 10535 10536 10545 10546 10562 10574 10582 10583 10606 10610 10640 10650 10651 10665 10679 10688 10689 10696 10704 10705 10738 10748 10749 10761 10782 10798 10807 10822 10826 10837 10854 10872 10873 10888 10896 10915 10920 10929 10930 10931 10942 10966 10973 10988 10989 10997 11021 11022 11042 11060 11097 11098 11123 11132 11138 11147 11190 11191 11199 11234 11242 11254 11306 11307 11322 11331 11349 11378 11402 11433 11442 11453 11515 
	}
	manpower=32500000
	buildings_max_level_factor=1.000
	state_category=megalopolis
	local_supplies=0.000
}
