
state={
	id=24
	name="STATE_24"
	resources={
		oil=0.000
		rubber=0.000
		tungsten=0.000
		chromium=0.000
		coal=0.000
	}

	history={
		buildings = {
			infrastructure = 1
			industrial_complex = 1
			arms_factory = 0
			air_base = 0
			anti_air_building = 0

		}

	}

	provinces={
		1 8 189 201 203 252 280 306 326 348 377 416 442 458 491 530 556 592 631 634 703 708 827 855 863 876 1013 1031 1039 1046 1063 1068 1080 1142 1197 1247 1256 1267 1269 1273 1281 1350 1353 1388 1482 1519 1532 1580 1589 1611 1681 1682 1724 1744 1775 1779 1820 1827 1864 1886 1896 1916 1923 1953 1973 1979 2010 2033 2063 2140 2146 2147 2161 2177 2195 2200 2201 2207 2218 2227 2241 2259 2278 2284 2288 2289 2291 2334 2335 2348 2352 2363 2396 2404 2441 2446 2451 2453 2456 2488 2489 2502 2504 2515 2529 2551 2590 2597 2655 2667 2696 2704 2707 2713 2715 2723 2739 2741 2746 2773 2787 2825 2883 2886 2892 2920 2921 2936 2966 2975 2985 2996 3000 3004 3017 3023 3046 3088 3121 3157 3162 3177 3191 3215 3223 3261 3317 3331 3334 3343 3347 3378 3409 3413 3424 3467 3468 3516 3543 3572 3574 3577 3604 3624 3657 3660 3667 3716 3727 3768 3800 3826 3863 3889 3903 3904 3905 3908 3915 3945 3951 3972 3983 3985 3993 3998 4036 4041 4053 4080 4089 4109 4120 4149 4150 4156 4176 4247 4258 4264 4319 4320 4329 4341 4457 4499 4570 4652 4675 4686 4706 4723 4724 4727 4747 4794 4795 4816 4818 4852 4886 4900 4905 4911 4932 4946 4961 4973 4988 4997 5028 5032 5037 5051 5089 5169 5181 5224 5235 5269 5282 5301 5320 5344 5377 5384 5425 5426 5435 5516 5522 5526 5562 5571 5580 5585 5599 5612 5630 5666 5742 5749 5785 5786 5808 5839 5897 5901 5911 5912 5927 5941 5977 5978 5981 5994 6022 6026 6081 6090 6092 6093 6123 6129 6146 6178 6191 6212 6851 6886 6887 6889 6902 6914 6924 6939 6951 6957 6962 6976 6987 6991 6995 6996 7014 7019 7026 7031 7032 7040 7041 7042 7049 7058 7059 7060 7061 7069 7070 7071 7076 7079 7080 7094 7104 7105 7106 7112 7113 7114 7115 7119 7120 7123 7128 7129 7130 7135 7136 7137 7138 7139 7143 7153 7154 7155 7164 7173 7174 7175 7180 7187 7188 7189 7198 7203 7204 7205 7206 7214 7222 7223 7224 7225 7226 7227 7236 7242 7243 7244 7245 7252 7253 7258 7259 7263 7273 7274 7284 7285 7286 7290 7296 7297 7298 7299 7310 7311 7312 7313 7320 7321 7333 7334 7341 7342 7349 7358 7359 7360 7361 7364 7365 7366 7367 7377 7384 7385 7386 7395 7396 7403 7404 7405 7412 7415 7416 7426 7427 7428 7429 7430 7431 7436 7437 7443 7444 7452 7458 7459 7460 7469 7470 7471 7477 7482 7483 7489 7490 7494 7495 7496 7509 7510 7511 7512 7513 7520 7521 7528 7529 7537 7538 7539 7543 7544 7545 7551 7552 7557 7565 7572 7573 7574 7576 7577 7578 7587 7590 7591 7592 7597 7598 7599 7606 7607 7608 7618 7623 7624 7629 7637 7643 7644 7645 7646 7650 7659 7672 7673 7676 7677 7683 7684 7685 7693 7706 7707 7708 7717 7731 7732 7741 7742 7749 7750 7751 7762 7770 7771 7782 7791 7792 7793 7794 7802 7803 7805 7806 7807 7814 7815 7816 7834 7835 7836 7844 7848 7849 7850 7851 7852 7861 7862 7869 7870 7876 7877 7878 7882 7883 7884 7885 7898 7904 7905 7906 7914 7915 7916 7924 7933 7939 7940 7941 7942 7943 7953 7954 7955 7956 7957 7964 7965 7973 7974 7975 7980 7981 7982 7983 7984 7985 7993 7994 7995 8000 8001 8009 8015 8016 8017 8018 8019 8023 8024 8035 8046 8047 8052 8053 8054 8055 8060 8061 8062 8068 8069 8082 8083 8084 8092 8105 8106 8111 8123 8124 8125 8139 8140 8141 8148 8149 8150 8151 8171 8172 8173 8174 8175 8179 8180 8181 8182 8189 8190 8202 8203 8209 8217 8218 8219 8220 8229 8230 8238 8239 8240 8241 8242 8250 8251 8265 8266 8267 8282 8283 8291 8292 8298 8299 8300 8301 8319 8327 8337 8341 8348 8359 8360 8361 8362 8363 8371 8372 8378 8379 8387 8388 8389 8397 8406 8407 8418 8419 8420 8427 8428 8429 8436 8437 8438 8452 8453 8459 8465 8466 8467 8475 8476 8485 8486 8501 8502 8503 8505 8506 8516 8517 8518 8519 8525 8526 8533 8534 8544 8556 8562 8563 8572 8573 8581 8582 8583 8584 8591 8592 8593 8594 8598 8599 8607 8608 8609 8620 8634 8635 8636 8637 8642 8652 8661 8662 8663 8669 8670 8671 8672 8673 8685 8686 8687 8717 8718 8719 8720 8728 8729 8730 8731 8744 8745 8756 8757 8758 8759 8760 8770 8771 8780 8791 8792 8798 8805 8806 8807 8824 8825 8826 8827 8836 8837 8838 8839 8849 8850 8857 8873 8874 8881 8882 8883 8897 8898 8899 8900 8901 8902 8916 8917 8926 8927 8951 8968 8969 8979 8988 9046 
	}
	manpower=1000
	buildings_max_level_factor=1.000
	state_category=town
}
