
state={
	id=29
	name="STATE_29"
	resources={
		oil=0.000
		rubber=0.000
		tungsten=0.000
		chromium=0.000
		coal=0.000
	}

	history={
		buildings = {
			infrastructure = 1
			industrial_complex = 1
			arms_factory = 0
			air_base = 0
			anti_air_building = 0

		}

	}

	provinces={
		10 15 25 35 53 58 60 65 82 106 107 116 117 121 123 126 137 149 152 157 176 185 188 212 214 229 235 236 266 272 274 277 281 307 323 338 339 342 350 355 375 401 405 407 415 432 436 440 445 451 456 465 479 483 485 489 493 495 502 505 539 550 557 573 593 595 605 606 610 648 654 655 656 663 669 678 690 691 717 720 729 731 738 744 750 765 777 784 790 792 800 814 825 834 872 893 896 897 903 914 936 942 943 949 952 980 986 991 1006 1034 1049 1071 1090 1092 1100 1107 1110 1159 1170 1182 1193 1204 1220 1224 1227 1230 1242 1243 1272 1274 1277 1282 1294 1301 1302 1303 1305 1322 1343 1357 1361 1371 1386 1392 1435 1443 1447 1454 1455 1459 1490 1494 1504 1522 1526 1541 1552 1570 1572 1574 1575 1584 1587 1604 1625 1626 1627 1629 1638 1642 1649 1652 1653 1659 1696 1699 1713 1738 1742 1765 1782 1788 1793 1814 1816 1834 1845 1848 1854 1878 1895 1909 1912 1919 1922 1929 1932 1974 1976 1982 2000 2001 2002 2019 2034 2043 2051 2052 2055 2062 2076 2079 2095 2102 2112 2122 2125 2127 2129 2131 2136 2139 2152 2185 2194 2196 2208 2215 2216 2219 2222 2232 2243 2244 2262 2264 2297 2303 2305 2313 2314 2315 2323 2325 2337 2346 2349 2378 2385 2387 2392 2398 2406 2408 2410 2417 2437 2447 2449 2466 2475 2478 2483 2487 2490 2507 2520 2524 2533 2559 2560 2562 2565 2568 2573 2583 2612 2619 2630 2637 2646 2649 2670 2675 2678 2679 2680 2683 2695 2726 2730 2735 2744 2748 2749 2765 2776 2785 2801 2807 2814 2818 2821 2844 2855 2869 2874 2876 2889 2891 2896 2898 2899 2908 2923 2924 2933 2941 2946 2952 2955 2964 2984 2988 2992 2994 3020 3027 3035 3052 3053 3057 3065 3078 3080 3084 3085 3089 3091 3099 3117 3118 3120 3126 3138 3151 3153 3166 3175 3187 3189 3195 3200 3205 3207 3208 3222 3225 3236 3242 3251 3262 3270 3271 3273 3291 3305 3307 3320 3325 3330 3336 3337 3348 3349 3350 3356 3370 3386 3388 3389 3412 3430 3432 3453 3459 3461 3462 3469 3470 3486 3488 3490 3494 3498 3504 3513 3521 3523 3535 3536 3541 3547 3555 3557 3560 3562 3579 3592 3593 3596 3603 3632 3642 3645 3646 3648 3649 3652 3662 3663 3669 3670 3673 3680 3684 3700 3701 3707 3715 3719 3721 3724 3740 3746 3747 3754 3760 3762 3766 3779 3793 3817 3823 3835 3836 3840 3864 3868 3873 3896 3906 3907 3909 3937 3966 3967 3984 3989 3991 3994 4000 4008 4019 4022 4024 4039 4049 4050 4054 4060 4069 4070 4071 4072 4078 4083 4085 4091 4092 4096 4105 4107 4114 4128 4148 4155 4162 4166 4178 4180 4195 4212 4215 4224 4227 4232 4235 4245 4249 4254 4256 4257 4269 4281 4287 4288 4295 4296 4304 4307 4309 4315 4316 4317 4322 4327 4328 4352 4381 4387 4392 4396 4405 4406 4409 4410 4411 4414 4421 4424 4434 4452 4456 4458 4462 4465 4471 4473 4475 4479 4486 4487 4488 4492 4493 4496 4502 4516 4520 4525 4529 4550 4554 4560 4567 4568 4573 4579 4595 4599 4604 4606 4612 4618 4622 4630 4635 4638 4645 4646 4657 4659 4660 4663 4666 4671 4676 4678 4682 4690 4692 4700 4702 4705 4717 4731 4737 4741 4749 4755 4756 4761 4762 4771 4772 4776 4779 4782 4785 4786 4798 4799 4802 4803 4809 4811 4819 4820 4827 4828 4842 4844 4845 4851 4853 4856 4865 4869 4870 4877 4880 4887 4907 4910 4915 4920 4923 4936 4937 4949 4963 4969 4972 4984 4991 4995 5001 5003 5008 5010 5020 5022 5025 5033 5036 5046 5058 5062 5087 5099 5108 5119 5135 5143 5145 5160 5166 5168 5172 5194 5195 5199 5202 5203 5217 5230 5243 5247 5273 5276 5280 5286 5297 5306 5307 5309 5318 5327 5329 5338 5341 5348 5349 5350 5356 5364 5383 5395 5399 5400 5406 5430 5436 5437 5438 5457 5461 5463 5470 5473 5475 5476 5483 5486 5495 5515 5531 5547 5563 5583 5586 5593 5595 5597 5600 5610 5644 5671 5676 5708 5714 5720 5723 5724 5727 5733 5757 5761 5763 5772 5773 5782 5791 5797 5798 5807 5819 5827 5831 5837 5843 5853 5862 5864 5867 5869 5874 5878 5880 5884 5889 5892 5896 5899 5906 5908 5910 5914 5924 5929 5937 5943 5951 5965 5971 5989 6009 6018 6042 6043 6046 6047 6055 6056 6062 6065 6074 6075 6082 6089 6094 6098 6099 6101 6104 6121 6127 6133 6141 6145 6156 6157 6159 6160 6184 6195 6201 6209 6220 6223 6232 6238 6240 6243 6247 6250 6254 6256 6260 12115 12178 12179 12185 12189 12212 12213 12220 12231 12232 12241 12242 12259 12267 12268 12279 12290 12311 12344 12353 12354 12355 12363 12376 12389 12390 12394 12395 12406 12407 12410 12422 12431 12432 12442 12443 12455 12456 12465 12466 12479 12484 12491 12492 12506 12507 12508 12513 12514 12515 12516 12535 12536 12542 12548 12549 12550 12551 12561 12562 12567 12572 12573 12576 12577 12581 12582 12583 12593 12596 12597 12598 12604 12605 12606 12607 12613 12617 12618 12623 12629 12636 12637 12638 12641 12642 12643 12645 12646 12650 12662 12663 12664 12666 12667 12668 12669 12670 12675 12677 12678 12679 12682 12683 12687 12688 12692 12696 12697 12698 12702 12703 12706 12710 12711 12712 12713 12714 12717 12718 12724 12725 12728 12729 12730 12736 12737 12738 12741 12742 12743 12750 12753 12754 12755 12756 12757 12758 12759 12760 12761 12762 12763 12764 12765 12768 12774 12775 12776 12779 12780 12781 12785 12786 12791 12792 12793 12797 12798 12799 12800 12801 12802 12803 12804 12806 12807 12811 12812 12813 12817 12823 12824 12825 12826 12827 12829 12832 12833 12834 12839 12840 12841 12842 12844 12845 12846 12847 12854 12855 12856 12857 12858 12864 12866 12867 12869 12870 12871 12872 12877 12881 12882 12883 12884 12885 12886 12891 12892 12898 12899 12900 12901 12903 12904 12905 12909 12910 12911 12914 12915 12916 12917 12921 12922 12926 12927 12928 12929 12930 12937 12938 12939 12943 12944 12945 12946 12947 12951 12952 12953 12957 12958 12960 12961 12962 12963 12968 12969 12970 12971 12972 12974 12975 12976 12977 12978 12979 12982 12989 12990 12997 12998 12999 13000 13001 13002 13008 13009 13013 13014 13015 13016 13023 13024 13028 13029 13030 13031 13034 13035 13036 13039 13040 13041 13042 13048 13049 13050 13051 13052 13053 13057 13058 13059 13064 13065 13066 13072 13073 13074 13075 13076 13081 13082 13083 13084 13085 13086 13088 13089 13090 13091 13092 13094 13095 13096 13100 13101 13104 13105 13106 13107 13110 13111 13113 13114 13115 13117 13118 13119 13120 13121 13122 13123 13126 13127 13128 13129 13130 13131 13132 13133 13134 13139 13140 13141 13142 13143 13144 13148 13149 13151 13152 13153 13156 13157 13158 13159 13163 13164 13165 13166 13167 13168 13169 13170 13174 13175 13176 13177 13178 13179 13180 13182 13183 13184 13185 13186 13193 13194 13195 13196 13197 13201 13202 13203 13204 13205 13206 13208 13209 13210 13211 13212 13215 13216 13217 13218 13222 13223 13224 13225 13226 13229 13230 13231 13232 13233 13234 13235 13239 13240 13241 13246 13247 13248 13251 13252 13253 13254 13255 13256 13259 13260 13261 13262 13263 13264 13265 13268 13269 13270 13271 13272 13273 13274 13277 13278 13279 13280 13281 13285 13286 13287 13288 13289 13290 13291 13292 13295 13296 13297 13298 13299 13301 13302 13306 13307 13308 13311 13312 13313 13314 13315 13324 13325 13326 13327 13328 13331 13332 13333 13334 13335 13344 13345 13346 13347 13348 13349 13350 13355 13356 13357 13367 13368 13369 13370 13371 13375 13376 13377 13378 13379 13381 13382 13383 13384 13390 13391 13392 13393 13394 13395 13396 13400 13401 13402 13403 13404 13405 13409 13410 13411 13412 13413 13414 13415 13419 13420 13421 13422 13423 13424 13428 13429 13430 13431 13434 13435 13436 13437 13442 13443 13444 13445 13451 13452 13453 13454 13455 13456 13463 13464 13465 13466 13467 13468 13469 13473 13474 13475 13476 13479 13480 13481 13485 13486 13487 13488 13489 13490 13500 13501 13502 13503 13504 13509 13510 13511 13512 13513 13514 13515 13516 13519 13520 13521 13522 13523 13524 13525 13526 13527 13528 13531 13532 13533 13534 13535 13540 13541 13542 13546 13547 13548 13549 13552 13553 13554 13555 13556 13557 13561 13562 13567 13568 13569 13570 13571 13572 13573 13574 13575 13576 13577 13580 13581 13582 13584 13585 13586 13587 13588 13591 13592 13595 13596 13597 13598 13599 13600 13602 13603 13604 13605 13607 13608 13609 13610 13611 13612 13613 13614 13619 13620 13621 13622 13623 13624 13625 13626 13627 13632 13633 13634 13635 13636 13637 13638 13639 13644 13645 13646 13647 13648 13649 13650 13654 13655 13656 13657 13658 13659 13662 13663 13664 13665 13666 13667 13668 13669 13670 13671 13672 13674 13675 13676 13677 13678 13679 13680 13681 13682 13683 13684 13685 13686 13690 13691 13692 13693 13699 13700 13701 13702 13703 13704 13707 13708 13709 13716 13717 13718 13719 13720 13721 13722 13723 13724 13727 13728 13729 13730 13731 13732 13735 13736 13737 13739 13740 13741 13742 13743 13744 13745 13746 13747 13750 13751 13752 13753 13754 13755 13756 13758 13759 13760 13761 13762 13763 13764 13767 13768 13769 13774 13775 13776 13777 13778 13779 13780 13781 13782 13785 13786 13787 13788 13789 13790 13794 13795 13796 13798 13799 13800 13801 13802 13803 13804 13805 13811 13812 13813 13814 13815 13816 13817 13818 13819 13820 13826 13827 13828 13829 13830 13832 13833 13834 13835 13836 13837 13838 13843 13844 13845 13846 13847 13848 13850 13851 13852 13855 13856 13857 13858 13859 13860 13861 13862 13864 13865 13866 13872 13873 13874 13875 13876 13877 13878 13882 13883 13884 13885 13886 13887 13889 13890 13891 13892 13893 13898 13899 13900 13901 13904 13905 13906 13907 13908 13909 13911 13912 13913 13914 13917 13918 13919 13920 13921 13922 13923 13924 13925 13926 13927 13929 13930 13931 13932 13935 13936 13937 13938 13939 13940 13941 13942 13943 13944 13949 13950 13951 13952 13953 13954 13955 13958 13959 13960 13964 13965 13966 13967 13968 13969 13970 13971 13975 13976 13977 13978 13979 13980 13985 13986 13987 13988 13989 13990 13991 13992 13994 13995 13996 13999 14000 14001 14002 14003 14004 14005 14006 14009 14010 14011 14014 14015 14016 14021 14022 14023 14025 14026 14027 14028 14029 14030 14031 14032 14036 14037 14038 14044 14045 14046 14047 14049 14050 14051 14052 14053 14054 14056 14057 14064 14065 14066 14067 14068 14070 14071 14074 14075 14076 14077 14078 14079 14081 14082 14083 14084 14085 14086 14090 14091 14092 14093 14094 14095 14096 14103 14104 14105 14109 14110 14111 14112 14113 14114 14115 14116 14117 14118 14119 14124 14125 14126 14127 14128 14130 14131 14132 14133 14135 14136 14137 14138 14139 14143 14144 14145 14146 14147 14148 14149 14157 14158 14163 14164 14165 14167 14168 14169 14170 14176 14177 14178 14179 14181 14182 14183 14184 14185 14186 14191 14192 14193 14194 14198 14199 14200 14203 14204 14210 14211 14216 14217 14218 14219 14220 14221 14222 14226 14227 14228 14229 14230 14231 14233 14234 14235 14236 14238 14239 14240 14241 14242 14248 14249 14250 14251 14252 14253 14254 14259 14260 14265 14266 14267 14273 14278 14279 14280 14281 14282 14283 14287 14288 14289 14290 14291 14292 14293 14294 14295 14301 14305 14306 14310 14311 14312 14313 14314 14315 14319 14320 14325 14326 14329 14330 14331 14332 14339 14340 14341 14342 14343 14344 14346 14347 14348 14349 14350 14351 14352 14357 14358 14359 14360 14364 14365 14366 14367 14374 14375 14376 14377 14378 14379 14381 14382 14383 14384 14388 14389 14390 14391 14392 14396 14397 14398 14399 14400 14401 14402 14403 14404 14412 14413 14414 14415 14419 14420 14421 14426 14427 14428 14429 14430 14431 14434 14435 14436 14437 14438 14439 14445 14446 14450 14451 14453 14454 14455 14456 14462 14463 14464 14465 14470 14471 14476 14477 14478 14479 14480 14481 14486 14487 14488 14489 14490 14495 14496 14497 14498 14499 14504 14505 14506 14507 14508 14516 14517 14518 14521 14522 14528 14529 14534 14535 14541 14542 14546 14547 14548 14552 14553 14554 14555 14560 14564 14571 14572 14573 14574 14582 14583 14589 14592 14593 14599 14600 14601 14602 14603 14608 14614 14616 14617 14620 14621 14623 14624 14627 14629 14630 14636 14637 14645 14649 14652 14653 14658 14662 14665 14669 14670 14671 14674 14675 14676 14680 14688 14689 14691 14693 14694 14702 14705 14712 14718 14719 14727 14728 14729 14751 14755 14759 14764 14784 14793 14794 14795 14800 14825 14826 
	}
	manpower=1000
	buildings_max_level_factor=1.000
	state_category=town
}
