
state={
	id=31
	name="STATE_31"
	resources={
		oil=0.000
		rubber=0.000
		tungsten=0.000
		chromium=0.000
		coal=0.000
	}

	history={
		buildings = {
			infrastructure = 1
			industrial_complex = 1
			arms_factory = 0
			air_base = 0
			anti_air_building = 0

		}

	}

	provinces={
		102 372 583 1289 1568 1940 2197 2203 3165 3243 3497 3676 3679 4011 4169 4321 4429 4535 5060 5417 5451 5960 11330 11367 11377 11401 11431 11432 11467 11468 11490 11506 11535 11556 11557 11580 11581 11593 11617 11625 11626 11640 11668 11676 11687 11705 11706 11736 11742 11748 11804 11805 11818 11870 11895 11935 11936 11969 11999 12006 12047 12116 12127 12128 12172 12181 12194 12203 12210 12235 12236 12255 12262 12271 12283 12300 12308 12330 12360 15119 15120 
	}
	manpower=1000
	buildings_max_level_factor=1.000
	state_category=town
}
