state={
	id=40
	name="STATE_40"
	resources={
		oil = 0.00
		rubber = 0.00
		tungsten = 0.00
		chromium = 0.00
		coal = 0.00
	}
	state_category = town
	history={
		#owner = XXX
		#victory_points = { PROV 5 }
		buildings = {
			infrastructure = 1
			#dockyard = 0
			#PROV = {
			#	naval_base = 1
			#}
			industrial_complex = 1
			arms_factory = 0
			air_base = 0
			anti_air_building = 0
		}
		#add_core_of = XXX
	}
	provinces={
		20 204 298 367 508 869 906 913 1078 1241 1254 1410 1469 1524 1758 1818 1867 1954 2056 2174 2188 2258 2372 2613 2799 2831 3048 3083 3094 3234 3379 3897 3916 4138 4448 4683 4854 5011 5173 5332 5596 5701 5736 5826 5834 5926 5986 5992 6029 6031 6208 14588 14598 14615 14622 14646 14666 14700 14706 14720 14756 14766 14767 14781 14785 14786 14801 14811 14816 14817 14819 14821 14827 14851 14852 14858 14865 14884 14885 14886 14894 14895 14900 14903 14906 14907 14908 14914 14915 14921 14924 14928 14929 14932 14938 14939 14940 14947 14952 14953 14955 14956 14957 14960 14961 14962 14963 14964 14966 14967 14969 14971 14972 14973 14974 14977 14978 14981 14984 14985 14986 14987 14989 14990 14992 14993 14994 14995 14996 14999 15002 15003 15006 15007 15008 15011 
	}
	manpower=1000
	buildings_max_level_factor=1.000
}
