state={
	id=42
	name="STATE_42"
	resources={
		oil = 250.00
		rubber = 100.00
		tungsten = 0.00
		chromium = 0.00
	}
	state_category = large_city
	history={
		owner = ATL
		victory_points = { 14587 5 }
		buildings = {
			infrastructure = 0
			#dockyard = 0
			14587 = {
				naval_base = 1
			}
			industrial_complex = 1
			arms_factory = 0
			air_base = 0
			anti_air_building = 0
		}
		add_core_of = ATL
	}
	provinces={
		62 63 114 138 164 177 207 218 249 383 410 438 561 579 620 664 758 812 848 852 920 971 997 1014 1029 1045 1091 1115 1121 1228 1236 1275 1287 1360 1468 1491 1530 1538 1539 1605 1606 1645 1651 1698 1729 1902 1968 1970 2004 2025 2075 2183 2192 2198 2205 2283 2301 2430 2463 2468 2598 2608 2641 2652 2660 2687 2706 2708 2769 2804 2830 2841 2848 2915 2916 2937 2951 2998 3097 3119 3123 3186 3268 3276 3339 3354 3372 3404 3455 3506 3567 3618 3628 3699 3732 3761 3770 3845 3849 3872 3910 3914 3922 3930 3931 3956 3957 3980 3988 3992 4100 4168 4190 4226 4294 4335 4344 4356 4383 4393 4395 4453 4476 4531 4585 4644 4661 4745 4748 4792 4805 4807 4823 4840 5054 5071 5110 5136 5144 5158 5225 5271 5351 5355 5391 5468 5487 5509 5525 5558 5588 5622 5633 5660 5680 5726 5737 5739 5760 5780 5812 5814 5860 5956 5993 5999 6003 6014 6041 6044 6073 6108 6114 6174 6200 6211 6213 6242 13022 13056 13070 13071 13109 13162 13192 13221 13228 13250 13283 13284 13305 13310 13321 13322 13323 13341 13342 13343 13354 13366 13374 13387 13388 13389 13426 13427 13448 13449 13450 13461 13462 13498 13499 13507 13508 13518 13539 13551 13578 13579 13590 13606 13629 13630 13631 13642 13643 13660 13661 13673 13697 13698 13706 13714 13715 13734 13748 13749 13771 13772 13773 13784 13797 13810 13825 13841 13842 13863 13871 13896 13897 13903 13916 13928 13934 13947 13956 13957 13962 13963 13983 13984 13993 13998 14008 14012 14013 14019 14020 14034 14035 14042 14043 14048 14059 14060 14061 14062 14063 14072 14073 14080 14089 14100 14101 14102 14107 14108 14122 14123 14129 14134 14141 14142 14152 14153 14154 14155 14156 14161 14162 14174 14175 14180 14188 14189 14190 14195 14196 14197 14202 14214 14215 14224 14225 14232 14237 14244 14245 14246 14247 14258 14264 14272 14276 14277 14286 14298 14299 14300 14303 14304 14308 14309 14323 14324 14328 14334 14335 14336 14337 14338 14345 14354 14355 14356 14363 14372 14373 14385 14386 14387 14393 14394 14395 14409 14410 14411 14417 14418 14425 14433 14441 14442 14443 14444 14448 14449 14458 14459 14460 14461 14468 14469 14474 14475 14485 14493 14494 14502 14503 14511 14512 14513 14514 14515 14520 14525 14526 14527 14532 14533 14539 14540 14543 14544 14545 14551 14557 14558 14559 14562 14563 14569 14570 14576 14577 14578 14579 14580 14581 14585 14586 14587 14590 14591 14597 14606 14607 14612 14613 14619 14626 14631 14632 14633 14634 14635 14639 14640 14641 14642 14643 14644 14648 14657 14661 14664 14673 14678 14679 14685 14686 14690 14697 14698 14699 14704 14709 14710 14711 14716 14717 14724 14725 14733 14734 14735 14736 14740 14747 14748 14749 14750 14753 14754 14763 14765 14771 14773 14774 14775 14776 14778 14779 14780 14790 14791 14792 14802 14803 14804 14805 14806 14808 14809 14810 14815 14818 14824 14832 14833 14834 14840 14841 14842 14845 14846 14847 14853 14854 14857 14861 14862 14863 14864 14869 14870 14873 14874 14875 14876 14877 14878 14882 14883 14888 14889 14891 14892 14893 14905 14913 14919 14920 14922 14926 14927 14931 14935 14937 14942 14943 14945 14946 14949 14950 14954 14958 14959 14968 14970 14980 19922 19923 
	}
	manpower=1000000
	local_supplies=0.0 
}
