
state={
	id=460
	name="STATE_460"
	resources={
		oil=0.000
		rubber=0.000
		tungsten=334.000
		chromium=0.000
	}

	history={
		owner = TPP
		victory_points = { 3337 20 }
		buildings = {
			infrastructure = 0
			radar_station = 0
			air_base = 0
			anti_air_building = 0
			industrial_complex = 5
			steel_complex = 2
			aluminium_complex = 0
			arms_factory = 3
			dockyard = 0
			synthetic_refinery = 0
			fuel_silo = 0

		}
		add_core_of = TPP

	}

	provinces={
		33 58 150 226 235 271 281 307 336 407 432 445 814 893 938 992 1200 1253 1343 1442 1490 1511 1611 1713 1738 1761 1779 1895 1897 1974 1979 2034 2059 2068 2084 2142 2170 2286 2304 2316 2362 2378 2387 2437 2562 2666 2749 2784 2820 2933 2946 2978 3053 3085 3088 3270 3271 3311 3337 3343 3352 3388 3446 3509 3526 3536 3595 3661 3670 3754 3829 3836 3844 3882 3973 4017 4039 4070 4172 4192 4195 4223 4232 4251 4302 4323 4405 4462 4471 4488 4496 4521 4525 4581 4658 4705 4750 4763 4771 4781 4782 4785 4885 4887 4891 4964 4980 5098 5120 5241 5243 5252 5306 5350 5559 5825 5831 5892 5984 6038 6101 6137 6187 6256 6925 6926 6932 6963 6964 6970 7015 7016 7050 7062 7095 7116 7182 7238 7276 7277 7291 7313 7322 7336 7343 7344 7405 7413 7438 7452 7460 7462 7472 7485 7491 7512 7513 7514 7517 7526 7558 7565 7574 7584 7594 7599 7603 7604 7608 7615 7624 7646 7649 7650 7655 7660 7668 7686 7698 7699 7709 7726 7732 7739 7755 7772 7773 7779 7783 7787 7788 7789 7824 7837 7867 7875 7892 7894 7895 7921 7922 7931 7932 7938 7951 7963 7972 7998 7999 8004 8008 8032 8043 8059 8065 8066 8067 8075 8081 8089 8090 8091 8103 8104 8110 8121 8122 8137 8138 8146 8147 8158 8170 8199 8200 8201 8216 8227 8228 8237 8263 8264 8279 8281 8308 8309 8410 8514 8515 8660 8743 9606 9678 9830 9940 9992 10012 10016 10027 10052 10059 10103 10114 10128 10132 10171 10191 10214 10221 10257 10282 10304 10335 10427 10496 10516 10542 10566 10579 10591 10597 10629 10742 12926 12927 12943 12951 12960 12974 12997 12998 13008 13024 13029 13030 13049 13057 13065 13082 13083 13084 13085 13110 13126 13127 13157 13165 13174 13183 13184 13193 13201 13222 13246 13251 13252 13259 13268 13277 13281 13301 13302 13306 13311 13344 13345 13375 13376 13381 13390 13391 13409 13413 13414 13419 13420 13434 13442 13443 13444 13451 13485 13486 13501 13504 13509 13516 13519 13520 13552 13553 13567 13580 13581 13582 13620 13621 13639 13662 13675 14065 14066 14078 14084 14127 15625 15701 15790 16140 16146 16238 16292 16592 16683 16745 17038 17047 17127 17130 17244 17476 17523 17695 17976 18186 18326 18332 18376 18442 18518 18549 18594 18740 18750 18759 18778 18846 19017 19100 19388 19396 19400 19444 19611 
	}
	manpower=10000000
	buildings_max_level_factor=1.000
	state_category=megalopolis
	local_supplies=0.000
}
