1 49 
1 72 
1 340 
1 393 
1 403 
1 462 
1 492 
1 571 
1 576 
1 734 
1 754 
1 892 
1 1168 
1 1329 
1 1342 
1 1395 
1 1409 
1 1482 
1 1571 
1 1643 
1 1682 
1 1730 
1 1753 
1 1800 
1 1826 
1 1837 
1 1940 
1 1943 
1 1985 
1 2022 
1 2024 
1 2085 
1 2106 
1 2171 
1 2227 
1 2242 
1 2427 
1 2441 
1 2563 
1 2600 
1 2627 
1 2631 
1 2777 
1 2875 
1 2883 
1 2892 
1 3081 
1 3116 
1 3142 
1 3217 
1 3264 
1 3267 
1 3294 
1 3417 
1 3454 
1 3539 
1 3583 
1 3600 
1 3706 
1 3720 
1 3809 
1 3813 
1 3917 
1 3983 
1 3985 
1 4011 
1 4014 
1 4229 
1 4231 
1 4324 
1 4370 
1 4398 
1 4428 
1 4463 
1 4535 
1 4631 
1 4650 
1 4688 
1 4815 
1 4834 
1 4857 
1 4941 
1 4942 
1 5043 
1 5081 
1 5141 
1 5218 
1 5221 
1 5258 
1 5331 
1 5480 
1 5503 
1 5554 
1 5602 
1 5617 
1 5637 
1 5643 
1 5646 
1 5693 
1 5697 
1 5756 
1 5905 
1 5950 
1 5977 
1 5978 
1 5997 
1 6000 
1 6059 
1 6087 
1 6134 
1 6173 
1 6490 
1 6525 
1 6537 
1 6548 
1 6552 
1 6563 
1 6597 
1 6607 
1 6623 
1 6646 
1 6668 
1 6719 
1 6735 
1 6746 
1 6750 
1 6797 
1 6818 
1 6968 
1 6974 
1 6998 
1 7212 
1 7261 
1 7280 
1 7474 
1 7493 
1 7550 
1 7595 
1 7641 
1 7691 
1 7730 
1 7738 
1 7760 
1 7980 
1 8006 
1 8035 
1 8069 
1 8102 
1 8182 
1 8266 
1 8290 
1 8297 
1 8363 
1 8372 
1 8400 
1 8411 
1 8418 
1 8438 
1 8479 
1 8531 
1 8533 
1 8534 
1 8570 
1 8579 
1 8584 
1 8589 
1 8603 
1 8661 
1 8687 
1 8689 
1 8691 
1 8720 
1 8750 
1 8767 
1 8791 
1 8804 
1 8820 
1 8835 
1 8874 
1 8891 
1 8900 
1 8912 
1 8925 
1 8967 
1 8988 
1 9001 
1 9003 
1 9046 
1 9053 
1 9068 
1 9098 
1 9118 
1 9136 
1 9145 
1 9163 
1 9185 
1 9225 
1 9239 
1 9280 
1 9324 
1 9328 
1 9340 
1 9361 
1 9362 
1 9371 
1 9438 
1 9443 
1 9470 
1 9474 
1 9481 
1 9581 
1 9612 
1 9623 
1 9660 
1 9661 
1 9694 
1 9734 
1 9736 
1 9810 
1 9837 
1 9843 
1 9844 
1 9902 
1 9905 
1 9926 
1 9989 
1 10058 
1 10120 
1 10123 
1 10135 
1 10155 
1 10233 
1 10247 
1 10280 
1 10286 
1 10287 
1 10323 
1 10384 
1 10388 
1 10393 
1 10404 
1 10425 
1 10432 
1 10467 
1 10547 
1 10557 
1 10568 
1 10621 
1 10667 
1 10744 
1 10886 
1 10914 
1 10937 
1 10995 
1 11001 
1 11014 
1 11051 
1 11078 
1 11176 
1 11276 
1 11398 
1 11459 
1 11504 
1 11555 
1 11612 
1 11625 
1 11668 
1 11740 
1 11741 
1 11746 
1 11748 
1 11762 
1 11771 
1 11812 
1 11819 
1 11857 
1 11895 
1 11901 
1 11933 
1 11959 
1 12034 
1 12050 
1 12136 
1 12159 
1 12190 
1 12246 
1 12255 
1 12260 
1 12301 
1 12338 
1 12408 
1 12427 
1 12480 
1 12556 
1 12568 
1 12592 
1 12608 
1 12746 
1 12749 
1 12767 
1 12769 
1 12836 
1 12913 
1 12932 
1 13054 
1 15116 
1 15120 
