3 3 15115 9185 7971 
2 11 9185 15116 15115 8006 7860 9096 9082 4742 8175 8925 7730 
1 6 9096 9170 9236 9298 4793 9491 
2 5 15115 4929 8034 8943 8861 
1 4 8861 8821 8769 4812 
1 4 8861 5765 5218 8606 
2 6 9185 9145 5816 7893 9184 2871 
1 12 7860 9054 9004 8034 1146 9058 9118 5766 2871 9106 9105 4460 
2 4 9582 9543 9481 9520 
2 6 9136 9097 9129 9193 18899 4271 
1 5 9193 9194 2039 9300 9324 
2 4 9574 9509 9493 9447 
1 15 7468 7525 1409 4834 295 393 7271 7307 3381 7281 7270 7280 2038 5388 5401 
2 6 3216 7575 1409 7583 7589 5693 
3 6 5503 1316 15118 10323 6299 10322 
2 6 10280 10312 10346 4253 4847 1316 
1 7 5503 10505 10483 10586 10557 4418 3142 
1 4 10280 2041 10203 10155 
2 7 9812 9760 9703 9644 9583 9534 9575 
1 5 9574 403 9603 9639 9703 
1 4 9639 5292 4752 9438 
1 5 9509 9453 7716 4062 9284 
1 3 3633 9417 9447 
1 3 2039 9229 9163 
1 12 9142 3583 5968 8941 3005 8723 8640 8678 4289 3178 8425 8357 
2 4 9380 9428 9475 2106 
1 9 2802 9427 9380 9311 9256 9210 9142 9073 5968 
1 14 8640 4289 8631 8603 1015 5677 4569 8531 8471 8346 109 8289 2843 8400 
1 8 8669 8634 8791 8862 4733 7730 8960 8175 
1 5 9136 9067 9005 8995 7730 
1 4 9136 4753 3257 4742 
1 7 7971 9261 9340 9399 9451 9520 9543 
1 4 9623 9728 1473 9837 
1 4 1395 9843 9957 9989 
2 4 8700 492 2600 9001 
2 5 3192 13057 13110 340 9088 
1 6 1168 679 9225 6039 9115 9088 
1 6 1168 9225 4977 9080 9001 9042 
1 5 492 1082 8700 8569 8579 
1 5 5398 8860 8985 7820 9003 
1 3 1917 7670 7691 
1 5 4857 7394 7425 725 7451 
1 4 7904 7940 5978 7980 
3 8 5452 7018 279 588 3411 7037 6930 6921 
1 4 588 7170 7233 7234 
1 4 7162 5452 7047 2579 
1 3 6968 3466 6930 
1 5 6955 6885 588 7142 4913 
1 5 4831 6866 6921 4359 3520 
2 3 842 7054 7002 
1 8 7039 7010 3310 7002 6950 6931 6898 6868 
1 3 6795 6745 3713 
2 14 6745 6729 6728 6706 6669 6646 5507 6552 4482 6500 6469 96 6460 6441 
1 8 6460 57 2266 1586 6057 3854 6576 2606 
1 9 2266 6532 6537 4194 6552 4860 6531 6512 5215 
2 7 5159 6224 6674 1342 6653 1966 6646 
1 13 6582 6560 6540 4267 743 6484 6474 6463 6468 6481 5215 6059 6481 
1 2 6474 6459 
1 5 7707 1724 7850 7915 7876 
1 9 7572 6212 634 7708 1046 7851 7861 7876 7850 
1 4 3915 4723 5235 2446 
1 4 1946 6618 6590 6597 
1 4 6548 1975 6590 1111 
2 8 11966 3556 3576 11899 4625 11933 11868 11762 
1 4 11812 3576 3654 12094 
1 5 3720 11838 3495 4139 5879 
1 3 14046 13708 13647 
2 7 10525 10076 4941 10525 8102 8226 8274 
1 12 8371 3577 8348 2453 8453 8526 8583 5839 1482 8593 4652 2489 
1 4 8672 8583 8592 8526 
1 5 2892 3905 876 8388 8438 
1 4 3826 5571 8371 8419 
2 7 8419 2667 8533 8562 5032 8685 8669 
1 5 9542 856 9557 5027 9667 
1 8 9003 2939 1359 8923 8959 3066 4460 9106 
1 3 1082 548 4582 
1 3 7761 7725 2452 
1 6 7425 7488 7550 7596 7658 7725 
1 6 7704 5693 7722 746 7715 4323 
1 3 7836 4818 4886 
2 4 4886 2161 7677 3915 
1 4 7982 3972 2739 8209 
1 6 3983 3424 2227 8009 7973 7924 
1 6 7957 7975 7985 1039 7943 2975 
2 2 7943 7985 
2 5 13768 6209 2630 13865 13884 
1 5 13959 13658 13884 4972 13768 
2 3 4678 116 13924 
3 3 13826 13937 13635 
1 6 14028 2112 3649 5595 13847 13937 
5 4 7746 5241 10221 7619 
3 3 5241 10012 7746 
3 4 10221 150 2286 7619 
1 5 13979 13924 4657 13525 13587 
1 5 13954 13405 1909 13803 13587 
1 6 116 13909 13943 13901 13834 663 
2 4 13959 13691 13743 13826 
1 6 13826 6260 2398 3937 13860 13691 
2 8 13635 2887 13906 4424 13812 13930 9121 13901 
1 5 13959 5327 13929 13885 4424 
1 3 5327 14079 13929 
1 6 1156 9361 9312 1168 9249 178 
1 2 9103 3192 
1 5 9239 9183 9117 3160 2939 
1 4 4398 9116 2351 7820 
1 5 8224 7988 4566 10427 4399 
2 6 2286 7611 7620 9606 7663 9678 
1 3 9678 7579 9606 
1 7 7579 7612 5645 7752 3595 9830 4399 
1 6 9105 2293 9081 9053 9052 1359 
1 6 7820 4597 5083 8977 9018 13057 
1 6 10076 4384 8194 8275 5634 8276 
2 4 9205 2537 1211 9036 
1 5 3688 9391 950 6239 9287 
2 7 3688 327 9285 9275 9274 166 9301 
1 5 9544 2550 9390 3805 9275 
1 4 9301 5501 9439 2550 
1 5 9729 9669 9613 9584 9544 
1 8 15067 15073 9 15065 15050 322 2615 333 
1 6 15051 15067 15037 15031 15089 9868 
2 5 5027 1800 9628 4231 4075 
1 5 9667 9684 9743 9818 4075 
1 5 9818 5467 9787 9823 9778 
1 5 9628 145 9503 9612 2211 
1 2 9558 9503 
1 6 1571 9444 2166 9527 4664 9581 
1 5 9527 9450 5836 1514 2106 
1 6 2802 9474 9516 9526 5052 1514 
1 7 9833 228 9621 5921 527 9507 9474 
1 7 8471 477 8400 1050 3116 2843 8274 
1 2 49 8102 
1 10 10076 7970 7903 7823 7738 1899 7602 8496 7533 2944 
1 3 7738 705 7602 
1 10 10675 10513 10551 10614 10466 1434 10501 4188 10467 10492 
3 4 10675 10740 5079 10500 
2 3 10740 10867 4547 
1 3 10858 2627 10740 
1 5 4547 3263 10698 1043 1400 
2 4 10500 4942 10555 1400 
1 6 5256 10458 10452 10451 5117 11273 
1 3 11273 5805 5255 
1 4 11119 10344 5315 6045 
2 2 5255 6045 
1 5 5255 15121 11119 10309 10253 
1 7 10045 10057 10101 2024 3799 6079 10253 
1 3631 3630 4634 10045 10045 10045 10045 10045 10045 10045 10045 10045 10045 10045 10045 10045 10045 10045 10045 10045 10045 10045 10045 10045 10045 10045 10045 10045 10045 10045 10045 10045 10045 10045 10045 10045 10045 10045 10045 10045 10045 10045 10045 10045 10045 10045 10045 10045 10045 10045 10045 10045 10045 10045 10045 10045 10045 10045 10045 10045 10045 10045 10045 10045 10045 10045 10045 10045 10045 10045 10045 10045 10045 10045 10045 10045 10045 10045 10045 10045 10045 10045 10045 10045 10045 10045 10045 10045 10045 10045 10045 10045 10045 10045 10045 10045 10045 10045 10045 10045 10045 10045 10045 10045 10045 10045 10045 10045 10045 10045 10045 10045 10045 10045 10045 10045 10045 10045 10045 10045 10045 10045 10045 10045 10045 10045 10045 10045 10045 10045 10045 10045 10045 10045 10045 10045 10045 10045 10045 10045 10045 10045 10045 10045 10045 10045 10045 10045 10045 10045 10045 10045 10045 10045 10045 10045 10045 10045 10045 10045 10045 10045 10045 10045 10045 10045 10045 10045 10045 10045 10045 10045 10045 10045 10045 10045 10045 10045 10045 10045 10045 10045 10045 10045 10045 10045 10045 10045 10045 10045 10045 10045 10045 10045 10045 10045 10045 10045 10045 10045 10045 10045 10045 10045 10045 10045 10045 10045 10045 10045 10045 10045 10045 10045 10045 10045 10045 10045 10045 10045 10045 10045 10045 10045 10045 10045 10045 10045 10045 10045 10045 10045 10045 10045 10045 10045 10045 10045 10045 10045 10045 10045 10045 10045 10045 10045 10045 10045 10045 10045 10045 10045 10045 10045 10045 10045 10045 10045 10045 10045 10045 10045 10045 10045 10045 10045 10045 10045 10045 10045 10045 10045 10045 10045 10045 10045 10045 10045 10045 10045 10045 10045 10045 10045 10045 10045 10045 10045 10045 10045 10045 10045 10045 10045 10045 10045 10045 10045 10045 10045 10045 10045 10045 10045 10045 10045 10045 10045 10045 10045 10045 10045 10045 10045 10045 10045 10045 10045 10045 10045 10045 10045 10045 10045 10045 10045 10045 10045 10045 10045 10045 10045 10045 10045 10045 10045 10045 10045 10045 10045 10045 10045 10045 10045 10045 10045 10045 10045 10045 10045 10045 10045 10045 10045 10045 10045 10045 10045 10045 10045 10045 10045 10045 10045 10045 10045 10045 10045 10045 10045 10045 10045 10045 10045 10045 10045 10045 10045 10045 10045 10045 10045 10045 10045 10045 10045 10045 10045 10045 10045 10045 10045 10045 10045 10045 10045 10045 10045 10045 10045 10045 10045 10045 10045 10045 10045 10045 10045 10045 10045 10045 10045 10045 10045 10045 10045 10045 10045 10045 10045 10045 10045 10045 10045 10045 10045 10045 10045 10045 10045 10045 10045 10045 10045 10045 10045 10045 10045 10045 10045 10045 10045 10045 10045 10045 10045 10045 10045 10045 10045 10045 10045 10045 10045 10045 10045 10045 10045 10045 10045 10045 10045 10045 10045 10045 10045 10045 10045 10045 10045 10045 10045 10045 10045 10045 10045 10045 10045 10045 10045 10045 10045 10045 10045 10045 10045 10045 10045 10045 10045 10045 10045 10045 10045 10045 10045 10045 10045 10045 10045 10045 10045 10045 10045 10045 10045 10045 10045 10045 10045 10045 10045 10045 10045 10045 10045 10045 10045 10045 10045 10045 10045 10045 10045 10045 10045 10045 10045 10045 10045 10045 10045 10045 10045 10045 10045 10045 10045 10045 10045 10045 10045 10045 10045 10045 10045 10045 10045 10045 10045 10045 10045 10045 10045 10045 10045 10045 10045 10045 10045 10045 10045 10045 10045 10045 10045 10045 10045 10045 10045 10045 10045 10045 10045 10045 10045 10045 10045 10045 10045 10045 10045 10045 10045 10045 10045 10045 10045 10045 10045 10045 10045 10045 10045 10045 10045 10045 10045 10045 10045 10045 10045 10045 10045 10045 10045 10045 10045 10045 10045 10045 10045 10045 10045 10045 10045 10045 10045 10045 10045 10045 10045 10045 10045 10045 10045 10045 10045 10045 10045 10045 10045 10045 10045 10045 10045 10045 10045 10045 10045 10045 10045 10045 10045 10045 10045 10045 10045 10045 10045 10045 10045 10045 10045 10045 10045 10045 10045 10045 10045 10045 10045 10045 10045 10045 10045 10045 10045 10045 10045 10045 10045 10045 10045 10045 10045 10045 10045 10045 10045 10045 10045 10045 10045 10045 10045 10045 10045 10045 10045 10045 10045 10045 10045 10045 10045 10045 10045 10045 10045 10045 10045 10045 10045 10045 10045 10045 10045 10045 10045 10045 10045 10045 10045 10045 10045 10045 10045 10045 10045 10045 10045 10045 10045 10045 10045 10045 10045 10045 10045 10045 10045 10045 10045 10045 10045 10045 10045 10045 10045 10045 10045 10045 10045 10045 10045 10045 10045 10045 10045 10045 10045 10045 10045 10045 10045 10045 10045 10045 10045 10045 10045 10045 10045 10045 10045 10045 10045 10045 10045 10045 10045 10045 10045 10045 10045 10045 10045 10045 10045 10045 10045 10045 10045 10045 10045 10045 10045 10045 10045 10045 10045 10045 10045 10045 10045 10045 10045 10045 10045 10045 10045 10045 10045 10045 10045 10045 10045 10045 10045 10045 10045 10045 10045 10045 10045 10045 10045 10045 10045 10045 10045 10045 10045 10045 10045 10045 10045 10045 10045 10045 10045 10045 10045 10045 10045 10045 10045 10045 10045 10045 10045 10045 10045 10045 10045 10045 10045 10045 10045 10045 10045 10045 10045 10045 10045 10045 10045 10045 10045 10045 10045 10045 10045 10045 10045 10045 10045 10045 10045 10045 10045 10045 10045 10045 10045 10045 10045 10045 10045 10045 10045 10045 10045 10045 10045 10045 10045 10045 10045 10045 10045 10045 10045 10045 10045 10045 10045 10045 10045 10045 10045 10045 10045 10045 10045 10045 10045 10045 10045 10045 10045 10045 10045 10045 10045 10045 10045 10045 10045 10045 10045 10045 10045 10045 10045 10045 10045 10045 10045 10045 10045 10045 10045 10045 10045 10045 10045 10045 10045 10045 10045 10045 10045 10045 10045 10045 10045 10045 10045 10045 10045 10045 10045 10045 10045 10045 10045 10045 10045 10045 10045 10045 10045 10045 10045 10045 10045 10045 10045 10045 10045 10045 10045 10045 10045 10045 10045 10045 10045 10045 10045 10045 10045 10045 10045 10045 10045 10045 10045 10045 10045 10045 10045 10045 10045 10045 10045 10045 10045 10045 10045 10045 10045 10045 10045 10045 10045 10045 10045 10045 10045 10045 10045 10045 10045 10045 10045 10045 10045 10045 10045 10045 10045 10045 10045 10045 10045 10045 10045 10045 10045 10045 10045 10045 10045 10045 10045 10045 10045 10045 10045 10045 10045 10045 10045 10045 10045 10045 10045 10045 10045 10045 10045 10045 10045 10045 10045 10045 10045 10045 10045 10045 10045 10045 10045 10045 10045 10045 10045 10045 10045 10045 10045 10045 10045 10045 10045 10045 10045 10045 10045 10045 10045 10045 10045 10045 10045 10045 10045 10045 10045 10045 10045 10045 10045 10045 10045 10045 10045 10045 10045 10045 10045 10045 10045 10045 10045 10045 10045 10045 10045 10045 10045 10045 10045 10045 10045 10045 10045 10045 10045 10045 10045 10045 10045 10045 10045 10045 10045 10045 10045 10045 10045 10045 10045 10045 10045 10045 10045 10045 10045 10045 10045 10045 10045 10045 10045 10045 10045 10045 10045 10045 10045 10045 10045 10045 10045 10045 10045 10045 10045 10045 10045 10045 10045 10045 10045 10045 10045 10045 10045 10045 10045 10045 10045 10045 10045 10045 10045 10045 10045 10045 10045 10045 10045 10045 10045 10045 10045 10045 10045 10045 10045 10045 10045 10045 10045 10045 10045 10045 10045 10045 10045 10045 10045 10045 10045 10045 10045 10045 10045 10045 10045 10045 10045 10045 10045 10045 10045 10045 10045 10045 10045 10045 10045 10045 10045 10045 10045 10045 10045 10045 10045 10045 10045 10045 10045 10045 10045 10045 10045 10045 10045 10045 10045 10045 10045 10045 10045 10045 10045 10045 10045 10045 10045 10045 10045 10045 10045 10045 10045 10045 10045 10045 10045 10045 10045 10045 10045 10045 10045 10045 10045 10045 10045 10045 10045 10045 10045 10045 10045 10045 10045 10045 10045 10045 10045 10045 10045 10045 10045 10045 10045 10045 10045 10045 10045 10045 10045 10045 10045 10045 10045 10045 10045 10045 10045 10045 10045 10045 10045 10045 10045 10045 10045 10045 10045 10045 10045 10045 10045 10045 10045 10045 10045 10045 10045 10045 10045 10045 10045 10045 10045 10045 10045 10045 10045 10045 10045 10045 10045 10045 10045 10045 10045 10045 10045 10045 10045 10045 10045 10045 10045 10045 10045 10045 10045 10045 10045 10045 10045 10045 10045 10045 10045 10045 10045 10045 10045 10045 10045 10045 10045 10045 10045 10045 10045 10045 10045 10045 10045 10045 10045 10045 10045 10045 10045 10045 10045 10045 10045 10045 10045 10045 10045 10045 10045 10045 10045 10045 10045 10045 10045 10045 10045 10045 10045 10045 10045 10045 10045 10045 10045 10045 10045 10045 10045 10045 10045 10045 10045 10045 10045 10045 10045 10045 10045 10045 10045 10045 10045 10045 10045 10045 10045 10045 10045 10045 10045 10045 10045 10045 10045 10045 10045 10045 10045 10045 10045 10045 10045 10045 10045 10045 10045 10045 10045 10045 10045 10045 10045 10045 10045 10045 10045 10045 10045 10045 10045 10045 10045 10045 10045 10045 10045 10045 10045 10045 10045 10045 10045 10045 10045 10045 10045 10045 10045 10045 10045 10045 10045 10045 10045 10045 10045 10045 10045 10045 10045 10045 10045 10045 10045 10045 10045 10045 10045 10045 10045 10045 10045 10045 10045 10045 10045 10045 10045 10045 10045 10045 10045 10045 10045 10045 10045 10045 10045 10045 10045 10045 10045 10045 10045 10045 10045 10045 10045 10045 10045 10045 10045 10045 10045 10045 10045 10045 10045 10045 10045 10045 10045 10045 10045 10045 10045 10045 10045 10045 10045 10045 10045 10045 10045 10045 10045 10045 10045 10045 10045 10045 10045 10045 10045 10045 10045 10045 10045 10045 10045 10045 10045 10045 10045 10045 10045 10045 10045 10045 10045 10045 10045 10045 10045 10045 10045 10045 10045 10045 10045 10045 10045 10045 10045 10045 10045 10045 10045 10045 10045 10045 10045 10045 10045 10045 10045 10045 10045 10045 10045 10045 10045 10045 10045 10045 10045 10045 10045 10045 10045 10045 10045 10045 10045 10045 10045 10045 10045 10045 10045 10045 10045 10045 10045 10045 10045 10045 10045 10045 10045 10045 10045 10045 10045 10045 10045 10045 10045 10045 10045 10045 10045 10045 10045 10045 10045 10045 10045 10045 10045 10045 10045 10045 10045 10045 10045 10045 10045 10045 10045 10045 10045 10045 10045 10045 10045 10045 10045 10045 10045 10045 10045 10045 10045 10045 10045 10045 10045 10045 10045 10045 10045 10045 10045 10045 10045 10045 10045 10045 10045 10045 10045 10045 10045 10045 10045 10045 10045 10045 10045 10045 10045 10045 10045 10045 10045 10045 10045 10045 10045 10045 10045 10045 10045 10045 10045 10045 10045 10045 10045 10045 10045 10045 10045 10045 10045 10045 10045 10045 10045 10045 10045 10045 10045 10045 10045 10045 10045 10045 10045 10045 10045 10045 10045 10045 10045 10045 10045 10045 10045 10045 10045 10045 10045 10045 10045 10045 10045 10045 10045 10045 10045 10045 10045 10045 10045 10045 10045 10045 10045 10045 10045 10045 10045 10045 10045 10045 10045 10045 10045 10045 10045 10045 10045 10045 10045 10045 10045 10045 10045 10045 10045 10045 10045 10045 10045 10045 10045 10045 10045 10045 10045 10045 10045 10045 10045 10045 10045 10045 10045 10045 10045 10045 10045 10045 10045 10045 10045 10045 10045 10045 10045 10045 10045 10045 10045 10045 10045 10045 10045 10045 10045 10045 10045 10045 10045 10045 10045 10045 10045 10045 10045 10045 10045 10045 10045 10045 10045 10045 10045 10045 10045 10045 10045 10045 10045 10045 10045 10045 10045 10045 10045 10045 10045 10045 10045 10045 10045 10045 10045 10045 10045 10045 10045 10045 10045 10045 10045 10045 10045 10045 10045 10045 10045 10045 10045 10045 10045 10045 10045 10045 10045 10045 10045 10045 10045 10045 10045 10045 10045 10045 10045 10045 10045 10045 10045 10045 10045 10045 10045 10045 10045 10045 10045 10045 10045 10045 10045 10045 10045 10045 10045 10045 10045 10045 10045 10045 10045 10045 10045 10045 10045 10045 10045 10045 10045 10045 10045 10045 10045 10045 10045 10045 10045 10045 10045 10045 10045 10045 10045 10045 10045 10045 10045 10045 10045 10045 10045 10045 10045 10045 10045 10045 10045 10045 10045 10045 10045 10045 10045 10045 10045 10045 10045 10045 10045 10045 10045 10045 10045 10045 10045 10045 10045 10045 10045 10045 10045 10045 10045 10045 10045 10045 10045 10045 10045 10045 10045 10045 10045 10045 10045 10045 10045 10045 10045 10045 10045 10045 10045 10045 10045 10045 10045 10045 10045 10045 10045 10045 10045 10045 10045 10045 10045 10045 10045 10045 10045 10045 10045 10045 10045 10045 10045 10045 10045 10045 10045 10045 10045 10045 10045 10045 10045 10045 10045 10045 10045 10045 10045 10045 10045 10045 10045 10045 10045 10045 10045 10045 10045 10045 10045 10045 10045 10045 10045 10045 10045 10045 10045 10045 10045 10045 10045 10045 10045 10045 10045 10045 10045 10045 10045 10045 10045 10045 10045 10045 10045 10045 10045 10045 10045 10045 10045 10045 10045 10045 10045 10045 10045 10045 10045 10045 10045 10045 10045 10045 10045 10045 10045 10045 10045 10045 10045 10045 10045 10045 10045 10045 10045 10045 10045 10045 10045 10045 10045 10045 10045 10045 10045 10045 10045 10045 10045 10045 10045 10045 10045 10045 10045 10045 10045 10045 10045 10045 10045 10045 10045 10045 10045 10045 10045 10045 10045 10045 10045 10045 10045 10045 10045 10045 10045 10045 10045 10045 10045 10045 10045 10045 10045 10045 10045 10045 10045 10045 10045 10045 10045 10045 10045 10045 10045 10045 10045 10045 10045 10045 10045 10045 10045 10045 10045 10045 10045 10045 10045 10045 10045 10045 10045 10045 10045 10045 10045 10045 10045 10045 10045 10045 10045 10045 10045 10045 10045 10045 10045 10045 10045 10045 10045 10045 10045 10045 10045 10045 10045 10045 10045 10045 10045 10045 10045 10045 10045 10045 10045 10045 10045 10045 10045 10045 10045 10045 10045 10045 10045 10045 10045 10045 10045 10045 10045 10045 10045 10045 10045 10045 10045 10045 10045 10045 10045 10045 10045 10045 10045 10045 10045 10045 10045 10045 10045 10045 10045 10045 10045 10045 10045 10045 10045 10045 10045 10045 10045 10045 10045 10045 10045 10045 10045 10045 10045 10045 10045 10045 10045 10045 10045 10045 10045 10045 10045 10045 10045 10045 10045 10045 10045 10045 10045 10045 10045 10045 10045 10045 10045 10045 10045 10045 10045 10045 10045 10045 10045 10045 10045 10045 10045 10045 10045 10045 10045 10045 10045 10045 10045 10045 10045 10045 10045 10045 10045 10045 10045 10045 10045 10045 10045 10045 10045 10045 10045 10045 10045 10045 10045 10045 10045 10045 10045 10045 10045 10045 10045 10045 10045 10045 10045 10045 10045 10045 10045 10045 10045 10045 10045 10045 10045 10045 10045 10045 10045 10045 10045 10045 10045 10045 10045 10045 10045 10045 10045 10045 10045 10045 10045 10045 10045 10045 10045 10045 10045 10045 10045 10045 10045 10045 10045 10045 10045 10045 10045 10045 10045 10045 10045 10045 10045 10045 10045 10045 10045 10045 10045 10045 10045 10045 10045 10045 10045 10045 10045 10045 10045 10045 10045 10045 10045 10045 10045 10045 10045 10045 10045 10045 10045 10045 10045 10045 10045 10045 10045 10045 10045 10045 10045 10045 10045 10045 10045 10045 10045 10045 10045 10045 10045 10045 10045 10045 10045 10045 10045 10045 10045 10045 10045 10045 10045 10045 10045 10045 10045 10045 10045 10045 10045 10045 10045 10045 10045 10045 10045 10045 10045 10045 10045 10045 10045 10045 10045 10045 10045 10045 10045 10045 10045 10045 10045 10045 10045 10045 10045 10045 10045 10045 10045 10045 10045 10045 10045 10045 10045 10045 10045 10045 10045 10045 10045 10045 10045 10045 10045 10045 10045 10045 10045 10045 10045 10045 10045 10045 10045 10045 10045 10045 10045 10045 10045 10045 10045 10045 10045 10045 10045 10045 10045 10045 10045 10045 10045 10045 10045 10045 10045 10045 10045 10045 10045 10045 10045 10045 10045 10045 10045 10045 10045 10045 10045 10045 10045 10045 10045 10045 10045 10045 10045 10045 10045 10045 10045 10045 10045 10045 10045 10045 10045 10045 10045 10045 10045 10045 10045 10045 10045 10045 10045 10045 10045 10045 10045 10045 10045 10045 10045 10045 10045 10045 10045 10045 10045 10045 10045 10045 10045 10045 10045 10045 10045 10045 10045 10045 10045 10045 10045 10045 10045 10045 10045 10045 10045 10045 10045 10045 10045 10045 10045 10045 10045 10045 10045 10045 10045 10045 10045 10045 10045 10045 10045 10045 10045 10045 10045 10045 10045 10045 10045 10045 10045 10045 10045 10045 10045 10045 10045 10045 10045 10045 10045 10045 10045 10045 10045 10045 10045 10045 10045 10045 10045 10045 10045 10045 10045 10045 10045 10045 10045 10045 10045 10045 10045 10045 10045 10045 10045 10045 10045 10045 10045 10045 10045 10045 10045 10045 10045 10045 10045 10045 10045 10045 10045 10045 10045 10045 10045 10045 10045 10045 10045 10045 10045 10045 10045 10045 10045 10045 10045 10045 10045 10045 10045 10045 10045 10045 10045 10045 10045 10045 10045 10045 10045 10045 10045 10045 10045 10045 10045 10045 10045 10045 10045 10045 10045 10045 10045 10045 10045 10045 10045 10045 10045 10045 10045 10045 10045 10045 10045 10045 10045 10045 10045 10045 10045 10045 10045 10045 10045 10045 10045 10045 10045 10045 10045 10045 10045 10045 10045 10045 10045 10045 10045 10045 10045 10045 10045 10045 10045 10045 10045 10045 10045 10045 10045 10045 10045 10045 10045 10045 10045 10045 10045 10045 10045 10045 10045 10045 10045 10045 10045 10045 10045 10045 10045 10045 10045 10045 10045 10045 10045 10045 10045 10045 10045 10045 10045 10045 10045 10045 10045 10045 10045 10045 10045 10045 10045 10045 10045 10045 10045 10045 10045 10045 10045 10045 10045 10045 10045 10045 10045 10045 10045 10045 10045 10045 10045 10045 10045 10045 10045 10045 10045 10045 10045 10045 10045 10045 10045 10045 10045 10045 10045 10045 10045 10045 10045 10045 10045 10045 10045 10045 10045 10045 10045 10045 10045 10045 10045 10045 10045 10045 10045 10045 10045 10045 10045 10045 10045 10045 10045 10045 10045 10045 10045 10045 10045 10045 10045 10045 10045 10045 10045 10045 10045 10045 10045 10045 10045 10045 10045 10045 10045 10045 10045 10045 10045 10045 10045 10045 10045 10045 10045 10045 10045 10045 10045 10045 10045 10045 10045 10045 10045 10045 10045 10045 10045 10045 10045 10045 10045 10045 10045 10045 10045 10045 10045 10045 10045 10045 10045 10045 10045 10045 10045 10045 10045 10045 10045 10045 10045 10045 10045 10045 10045 10045 10045 10045 10045 10045 10045 10045 10045 10045 10045 10045 10045 10045 10045 10045 10045 10045 10045 10045 10045 10045 10045 10045 10045 10045 10045 10045 10045 10045 10045 10045 10045 10045 10045 10045 10045 10045 10045 10045 10045 10045 10045 10045 10045 10045 10045 10045 10045 10045 10045 10045 10045 10045 10045 10045 10045 10045 10045 10045 10045 10045 10045 10045 10045 10045 10045 10045 10045 10045 10045 10045 10045 10045 10045 10045 10045 10045 10045 10045 10045 10045 10045 10045 10045 10045 10045 10045 10045 10045 10045 10045 10045 10045 10045 10045 10045 10045 10045 10045 10045 10045 10045 10045 10045 10045 10045 10045 10045 10045 10045 10045 10045 10045 10045 10045 10045 10045 10045 10045 10045 10045 10045 10045 10045 10045 10045 10045 10045 10045 10045 10045 10045 10045 10045 10045 10045 10045 10045 10045 10045 10045 10045 10045 10045 10045 10045 10045 10045 10045 10045 10045 10045 10045 10045 10045 10045 10045 10045 10045 10045 10045 10045 10045 10045 10045 10045 10045 10045 10045 10045 10045 10045 10045 10045 10045 10045 10045 10045 10045 10045 10045 10045 10045 10045 10045 10045 10045 10045 10045 10045 10045 10045 10045 10045 10045 10045 10045 10045 10045 10045 10045 10045 10045 10045 10045 10045 10045 10045 10045 10045 10045 10045 10045 10045 10045 10045 10045 10045 10045 10045 10045 10045 10045 10045 10045 10045 10045 10045 10045 10045 10045 10045 10045 10045 10045 10045 10045 10045 10045 10045 10045 10045 10045 10045 10045 10045 10045 10045 10045 10045 10045 10045 10045 10045 10045 10045 10045 10045 10045 10045 10045 10045 10045 10045 10045 10045 10045 10045 10045 10045 10045 10045 10045 10045 10045 10045 10045 10045 10045 10045 10045 10045 10045 10045 10045 10045 10045 10045 10045 10045 10045 10045 10045 10045 10045 10045 10045 10045 10045 10045 10045 10045 10045 10045 10045 10045 10045 10045 10045 10045 10045 10045 10045 10045 10045 10045 10045 10045 10045 10045 10045 10045 10045 10045 10045 10045 10045 10045 10045 10045 10045 10045 10045 10045 10045 10045 10045 10045 10045 10045 10045 10045 10045 10045 10045 10045 10045 10045 10045 10045 10045 10045 10045 10045 10045 10045 10045 10045 10045 10045 10045 10045 10045 10045 10045 10045 10045 10045 10045 10045 10045 10045 10045 10045 10045 10045 10045 10045 10045 10045 10045 10045 10045 10045 10045 10045 10045 10045 10045 10045 10045 10045 10045 10045 10045 10045 10045 10045 10045 10045 10045 10045 10045 10045 10045 10045 10045 10045 10045 10045 10045 10045 10045 10045 10045 10045 10045 10045 10045 10045 10045 10045 10045 10045 10045 10045 10045 10045 10045 10045 10045 10045 10045 10045 10045 10045 10045 10045 10045 10045 10045 10045 10045 10045 10045 10045 10045 10045 10045 10045 10045 10045 10045 10045 10045 10045 10045 10045 10045 10045 10045 10045 10045 10045 10045 10045 10045 10045 10045 10045 10045 10045 10045 10045 10045 10045 10045 10045 10045 10045 10045 10045 10045 10045 10045 10045 10045 10045 10045 10045 10045 10045 10045 10045 10045 10045 10045 10045 10045 10045 10045 10045 10045 10045 10045 10045 10045 10045 10045 10045 10045 10045 10045 10045 10045 10045 10045 10045 10045 10045 10045 10045 10045 10045 10045 10045 10045 10045 10045 10045 10045 10045 10045 10045 10045 10045 10045 10045 10045 10045 10045 10045 10045 10045 10045 10045 10045 10045 10045 10045 10045 10045 10045 10045 10045 10045 10045 10045 10045 10045 10045 10045 10045 10045 10045 10045 10045 10045 10045 10045 10045 10045 10045 10045 10045 10045 10045 10045 10045 10045 10045 10045 10045 10045 10045 10045 10045 10045 10045 10045 10045 10045 10045 10045 10045 10045 10045 10045 10045 10045 10045 10045 10045 10045 10045 10045 10045 10045 10045 10045 10045 10045 10045 10045 10045 10045 10045 10045 10045 10045 
1 8 8224 7485 7910 5951 13263 4758 654 13405 
1 4 5951 13877 7854 4566 
1 6 7854 5097 557 13817 7719 3595 
1 6 7579 13233 7515 8421 7560 150 
1 5 7560 7478 210 7417 4590 
1 3 7463 7541 7478 
2 6 7917 7871 4 7865 6111 10012 
1 5 8037 7976 1685 2983 5241 
1 4 8037 7935 7900 7865 
1 3 7900 1250 2983 
1 6 2709 1376 2857 7925 5636 7917 
1 2 2983 7531 
1 4 1400 10565 5256 10446 
