1 340 
1 492 
1 679 
1 796 
1 1050 
1 1109 
1 1156 
1 1409 
1 1473 
1 1513 
1 1571 
1 1715 
1 1847 
1 1899 
1 2039 
1 2057 
1 2085 
1 2106 
1 2166 
1 2207 
1 2229 
1 2234 
1 2563 
1 2689 
1 2871 
1 2944 
1 2957 
1 3116 
1 3192 
1 3216 
1 3258 
1 3267 
1 3296 
1 3454 
1 3583 
1 3633 
1 3710 
1 4229 
1 4398 
1 4420 
1 4569 
1 4812 
1 4834 
1 4977 
1 5027 
1 5375 
1 5398 
1 5503 
1 5637 
1 5643 
1 5693 
1 5968 
1 6049 
1 6091 
1 6134 
1 7107 
1 7131 
1 7280 
1 7468 
1 7493 
1 7583 
1 7730 
1 7970 
1 8006 
1 8014 
1 8034 
1 8102 
1 8274 
1 8275 
1 8276 
1 8290 
1 8318 
1 8445 
1 8550 
1 8569 
1 8570 
1 8579 
1 8603 
1 8606 
1 8640 
1 8678 
1 8713 
1 8714 
1 8750 
1 8845 
1 8861 
1 8925 
1 8959 
1 8967 
1 8983 
1 9001 
1 9003 
1 9097 
1 9098 
1 9105 
1 9118 
1 9136 
1 9145 
1 9163 
1 9185 
1 9239 
1 9250 
1 9256 
1 9299 
1 9324 
1 9340 
1 9380 
1 9414 
1 9428 
1 9443 
1 9447 
1 9491 
1 9492 
1 9503 
1 9526 
1 9542 
1 9558 
1 9574 
1 9582 
1 9621 
1 9623 
1 9667 
1 9728 
1 9743 
1 9778 
1 9833 
1 9835 
1 9837 
1 9957 
1 9989 
1 10058 
1 10123 
1 10155 
1 10197 
1 10322 
1 10557 
1 15115 
1 15116 
1 15118 
