state={
	id=177
	name="STATE_177"
	resources={
		rubber = 0.00
		tungsten = 150.00
		chromium = 0.00
	}
	state_category = town
	history={
		owner = ZZZ
		victory_points = { 12603 5 }
		buildings = {
			infrastructure = 0
			12603 = {
				naval_base = 1
			}
			#dockyard = 0
			#industrial_complex = 1
			#steel_complex = 0
			#aluminium_complex = 0
			#arms_factory = 0
			#air_base = 0
			#anti_air_building = 0
		}
		add_core_of = ZZZ
	}
	provinces={
		24 243 255 343 363 404 526 564 618 815 963 1177 1334 1370 1412 1426 1493 1557 1565 1770 1830 2124 2224 2240 2302 2414 2503 2569 2686 2717 2732 2827 2963 2989 3125 3233 3239 3403 3433 3472 3548 3620 3621 3781 3783 3846 4004 4104 4127 4342 4427 4549 4553 4609 4624 4684 4738 4904 4922 5030 5094 5156 5261 5268 5302 5342 5393 5394 5448 5546 5589 5670 5707 5710 5794 5833 5893 6030 6037 6070 6097 11696 11749 11782 11827 11840 11851 11896 11914 11960 11971 11972 11984 11994 11995 12007 12009 12019 12027 12036 12037 12048 12060 12061 12062 12068 12081 12082 12083 12098 12099 12101 12110 12118 12119 12130 12131 12132 12137 12149 12150 12155 12163 12164 12165 12166 12167 12173 12182 12183 12188 12198 12204 12216 12217 12226 12227 12228 12229 12239 12240 12248 12257 12264 12265 12274 12277 12278 12285 12303 12304 12309 12310 12318 12323 12324 12333 12343 12352 12361 12368 12369 12374 12375 12382 12393 12399 12400 12409 12415 12416 12417 12428 12440 12453 12454 12478 12483 12488 12489 12490 12505 12512 12520 12521 12523 12524 12540 12541 12560 12565 12566 12571 12586 12587 12601 12602 12603 12612 12640 12658 12659 12661 12681 
	}
	manpower=20000000
	local_supplies=0.0 
}
