
state={
	id=24
	name="STATE_24"
	resources={
		oil=0.000
		rubber=0.000
		tungsten=0.000
		chromium=0.000
		coal=0.000
	}

	history={
		owner = ZUK
		buildings = {
			infrastructure = 0
			radar_station = 0
			air_base = 0
			anti_air_building = 0
			industrial_complex = 0
			steel_complex = 0
			aluminium_complex = 0
			arms_factory = 0
			dockyard = 0
			synthetic_refinery = 0
			fuel_silo = 0

		}
		add_core_of = ZUK

	}

	provinces={
		203 306 348 377 416 442 458 491 556 592 631 634 703 827 863 1039 1046 1068 1080 1247 1267 1269 1350 1353 1519 1532 1611 1724 1744 1779 1820 1827 1916 1953 1973 1979 2010 2146 2147 2161 2195 2201 2207 2241 2278 2288 2291 2334 2335 2348 2352 2363 2396 2404 2446 2451 2488 2529 2551 2597 2655 2715 2746 2787 2825 2920 2921 2936 2966 2975 2985 2996 3000 3004 3023 3088 3121 3191 3223 3261 3331 3343 3347 3409 3413 3467 3468 3516 3572 3604 3657 3660 3667 3727 3800 3903 3904 3915 3993 4053 4109 4120 4149 4150 4156 4176 4247 4319 4320 4329 4499 4675 4686 4723 4724 4727 4747 4794 4795 4816 4818 4852 4886 4946 4988 4997 5028 5089 5224 5235 5269 5301 5320 5377 5426 5516 5522 5526 5562 5585 5599 5612 5666 5742 5786 5808 5897 5911 5927 5981 6022 6092 6146 6178 6191 6212 6851 6886 6887 6889 6902 6914 6924 6939 6951 6957 6962 6976 6987 6991 6995 6996 7014 7019 7026 7031 7032 7040 7041 7042 7049 7058 7059 7060 7061 7069 7070 7071 7076 7079 7080 7094 7106 7113 7114 7115 7120 7123 7129 7130 7136 7137 7138 7139 7155 7164 7174 7175 7188 7189 7198 7205 7206 7214 7224 7225 7226 7227 7236 7244 7245 7252 7253 7258 7259 7263 7284 7285 7286 7297 7298 7299 7310 7311 7312 7313 7320 7321 7334 7341 7342 7360 7361 7364 7365 7366 7367 7377 7384 7385 7386 7396 7404 7405 7412 7415 7416 7426 7427 7428 7429 7430 7431 7436 7437 7443 7444 7452 7459 7460 7470 7471 7477 7482 7483 7489 7490 7494 7495 7496 7509 7510 7511 7512 7513 7521 7529 7537 7538 7539 7543 7544 7545 7551 7552 7557 7565 7572 7573 7574 7578 7587 7591 7592 7597 7598 7599 7607 7608 7618 7623 7624 7629 7643 7644 7645 7646 7650 7659 7673 7676 7677 7683 7684 7685 7693 7707 7708 7731 7732 7741 7742 7749 7750 7751 7762 7770 7771 7782 7791 7792 7793 7794 7802 7803 7806 7814 7815 7816 7836 7844 7850 7851 7861 7869 7870 7876 7878 7884 7898 7905 7906 7915 7933 7943 7954 7957 7965 7974 7975 7981 7984 7985 7995 8000 8016 8019 8023 8024 8047 8053 8054 8083 8084 8106 8140 8141 8149 8150 8151 8174 8175 8203 8218 8219 8220 8230 8242 8267 8291 8292 8301 8362 8363 8372 8397 8420 8428 8429 8467 8476 8573 
	}
	manpower=7500000
	buildings_max_level_factor=1.000
	state_category=town
	local_supplies=0.000
}
