
state={
	id=26
	name="STATE_26"
	resources={
		oil = 0.00
		rubber = 0.00
		tungsten = 0.00
		chromium = 0.00
	}
	state_category = town
	history={
		owner = LLA
		#victory_points = { PROV 1 }
		buildings = {
			infrastructure = 0
			#PROV = {
			#	naval_base = 1
			#}
			radar_station = 0
			air_base = 0
			anti_air_building = 0
			industrial_complex = 0
			steel_complex = 0
			aluminium_complex = 0
			arms_factory = 0
			dockyard = 0
			synthetic_refinery = 0
			fuel_silo = 0
		}
		add_core_of = LLA
	}
	provinces={
		67 90 111 141 165 168 334 353 435 551 611 626 643 684 768 804 831 870 889 898 1011 1067 1164 1261 1312 1331 1391 1451 1503 1505 1506 1666 1691 1728 1745 1778 1859 1871 1875 1879 1947 1955 1994 2086 2117 2172 2273 2281 2300 2312 2321 2344 2393 2552 2603 2638 2703 2781 2816 2986 3021 3037 3171 3235 3300 3326 3362 3387 3410 3475 3528 3599 3612 3616 3635 3637 3702 3748 3807 3812 3869 3948 3960 3976 4038 4056 4076 4136 4362 4366 4417 4438 4444 4495 4557 4588 4610 4693 4740 4797 4956 4957 5002 5042 5100 5187 5212 5223 5281 5431 5441 5447 5557 5655 5690 5744 5784 5818 5820 5829 5894 5895 5930 5933 5955 5961 5964 6015 6066 6084 6115 6120 6162 6176 6190 6234 6261 10465 10482 10490 10519 10539 10540 10563 10564 10576 10584 10585 10611 10612 10613 10617 10628 10654 10655 10656 10669 10673 10674 10680 10681 10682 10690 10708 10712 10713 10714 10723 10729 10739 10762 10763 10764 10765 10770 10774 10784 10785 10786 10789 10790 10808 10817 10824 10828 10829 10838 10839 10840 10841 10846 10847 10848 10855 10875 10876 10882 10889 10898 10899 10904 10905 10906 10916 10917 10932 10933 10934 10944 10945 10954 10967 10976 10977 10978 10990 10991 10992 11006 11007 11023 11028 11029 11043 11044 11053 11054 11055 11056 11061 11073 11074 11083 11089 11100 11106 11124 11140 11148 11149 11150 11161 11162 11163 11172 11201 11202 11203 11210 11211 11212 11213 11220 11225 11226 11243 11244 11255 11256 11261 11262 11269 11270 11271 11280 11281 11290 11291 11292 11299 11323 11324 11325 11326 11327 11332 11350 11351 11352 11360 11368 11369 11379 11384 11385 11386 11387 11388 11406 11407 11408 11417 11423 11424 11434 11435 11443 11444 11445 11454 11455 11469 11470 11471 11481 11482 11483 11491 11497 11498 11499 11500 11507 11508 11509 11516 11517 11518 11519 11523 11536 11544 11545 11558 11559 11562 11563 11564 11582 11594 11603 11604 11618 11619 11620 11629 11630 11631 11632 11641 11652 11653 11661 11669 11670 11677 11688 11697 11708 11709 11710 11715 11727 11728 11729 11730 11750 11751 11752 11765 11766 11772 11783 11792 11793 11794 11795 11806 11807 11808 11809 11815 11828 11841 11842 11843 11852 11853 11864 11865 11872 11873 11884 11890 11902 11903 11904 11905 11925 11937 11945 11946 11947 11961 11985 11986 12000 12001 12002 12008 12020 12067 12100 
	}
	manpower=11750000
	local_supplies=0.0 
}
