state={
	id=27
	name="STATE_27"
	resources={
		oil=0.000
		rubber=0.000
		tungsten=0.000
		chromium=0.000
	}
	provinces={
		480 494 714 1016 1018 1096 1154 1162 1518 1615 1835 1927 2090 2295 2353 2379 2618 2628 2894 3252 3286 3438 3534 3658 3703 3759 3933 4090 4123 4270 4386 4397 4447 4451 4655 4667 4712 5016 5095 5303 5346 5427 5679 5715 5788 6151 11448 11526 11529 11530 11567 11596 11597 11605 11622 11643 11655 11672 11690 11712 11717 11733 11737 11744 11768 11785 11786 11797 11811 11817 11821 11831 11832 11845 11874 11875 11876 11877 11878 11879 11886 11916 11926 11938 11939 11949 11956 11957 11963 11973 11988 11997 12003 12022 12030 12038 12039 12087 12102 12120 12151 12156 12168 12169 12176 12184 12211 12218 12249 12258 12266 12286 12287 12325 12335 12346 12362 12370 12383 12405 
	}
	manpower=17000000
	buildings_max_level_factor=1.000
	state_category=city
	local_supplies=0.000
}
