state={
	id=29
	name="STATE_29"
	resources={
		oil=0
		coal=0
		aluminium=0
		rubber=0
		tungsten=0
		steel=0
		chromium=0
	}
	history={
		owner = ZZZ
		add_core_of = ZZZ
		buildings = {
			infrastructure = 0
		}
	}
	provinces={
		82 350 440 451 605 610 1034 1107 1159 1272 1443 1522 1541 1659 1816 2019 2079 2152 2262 2315 2678 2730 2994 3596 3740 3989 4071 4235 4254 4256 4257 4327 4622 4645 4646 5036 5145 5202 5399 5475 5853 5878 6141 6159 6232 12618 12643 12646 12650 12662 12663 12664 12670 12679 12683 12688 12692 12698 12712 12714 12718 12725 12742 12743 12750 12754 12759 12760 12764 12775 12776 12779 12780 12785 12786 12792 12800 12801 12802 12812 12813 12824 12825 12826 12829 12834 12842 12856 12857 12869 12870 12871 12872 12883 12885 12899 12900 12905 12911 12914 12915 12916 12921 12929 12952 12953 12957 12968 12969 12970 12971 12975 12990 13000 13014 13035 13041 13051 13052 13086 13089 13090 13107 13130 13131 13177 
	}
	manpower=1000000
	buildings_max_level_factor=1
	state_category=pastoral
	local_supplies=0
}
