state={
	id=39
	name="STATE_39"
	resources={
		oil=0
		rubber=0
		tungsten=0
		chromium=0
	}
	history={
		owner = ZZZ
		add_core_of = ZZZ
		buildings = {
			infrastructure = 0
		}
	}
	provinces={
		181 263 495 617 740 1061 1193 1247 1332 1783 1929 2054 2096 2501 2870 2872 2889 2907 2921 2924 3036 3117 3139 3273 3356 3897 4002 4024 4092 4315 4410 4456 4862 5025 5091 5135 5301 5377 5410 5445 5598 5600 5601 5642 5782 5830 5941 6161 7762 7999 8032 8095 8164 8172 8251 8352 8482 8745 8849 9178 9248 10089 10233 12387 14349 14360 14365 14376 14377 14383 14396 14401 14415 14419 14427 14428 14429 14437 14438 14454 14479 14487 14488 14489 14498 14499 14504 14505 14506 14541 14552 14628 14650 14651 14667 14668 14681 14687 14692 14701 14707 14713 14721 14722 14726 14730 14731 14732 14737 14742 14743 14744 14752 14757 14758 14760 14761 14772 14777 14782 14787 14789 14796 14797 14798 14807 14812 14813 14822 14828 14829 14830 14835 14836 14848 14849 14859 14860 14866 14867 14868 14871 14879 14880 14881 14887 14896 14897 14898 14899 14909 14910 14911 14916 14917 14925 14936 14941 15020 15028 15034 15042 15056 15072 15077 15078 15085 15087 15088 15092 15095 15098 15123 15127 15128 16154 
	}
	manpower=100000
	buildings_max_level_factor=1
	state_category=town
	local_supplies=0
}
