state={
	id=40
	name="STATE_40"
	resources={
		oil=0.000
		rubber=50.000
		tungsten=0.000
		chromium=0.000
	}
	history={
		owner = CVD
		buildings = {
			infrastructure = 0
			radar_station = 0
			air_base = 0
			anti_air_building = 0
			industrial_complex = 0
			steel_complex = 0
			aluminium_complex = 0
			arms_factory = 0
			dockyard = 0
			synthetic_refinery = 0
			fuel_silo = 0
		}
		add_core_of = CVD
	}
	provinces={
		20 204 298 367 508 869 906 913 1078 1176 1241 1254 1410 1469 1524 1704 1758 1818 1867 1944 1954 2056 2174 2188 2258 2372 2441 2461 2493 2525 2613 2741 2799 2831 2873 2875 3048 3083 3094 3234 3379 3485 3897 3913 3916 4138 4273 4448 4477 4683 4704 4791 4796 4854 4932 5011 5173 5332 5381 5409 5596 5701 5736 5826 5834 5926 5986 5992 6029 6031 6053 6208 6229 7649 7668 7756 7793 7859 7880 7891 7949 7950 7996 8012 8041 8101 8108 8120 8134 8186 8203 8220 8230 8241 8247 8283 8291 8295 8366 8497 8518 8588 8665 8744 8758 8792 8917 8948 9006 9065 9098 9113 9134 9137 9143 9191 9211 9224 9235 9247 9269 9293 9295 9353 10007 10321 14588 14598 14615 14622 14646 14666 14700 14706 14720 14756 14766 14767 14781 14785 14786 14801 14811 14816 14817 14819 14821 14827 14851 14852 14858 14865 14884 14885 14886 14894 14895 14900 14903 14906 14907 14908 14914 14915 14921 14924 14928 14929 14932 14938 14939 14940 14947 14953 14955 14956 14957 14960 14961 14962 14963 14964 14966 14967 14969 14971 14972 14973 14977 14978 14981 14984 14985 14986 14987 14989 14990 14992 14993 14994 14995 14996 14999 15002 15003 15006 15007 15008 15045 15068 15086 15333 15366 15525 15685 15721 15790 15942 16569 16651 16767 17127 17351 17366 17476 17568 17987 18045 18409 18518 18594 18628 18750 18808 18846 19024 19166 19390 19399 19425 19437 19453 19544 19581 19590 19766 
	}
	manpower=100000
	buildings_max_level_factor=1.000
	state_category=town
	local_supplies=0.000
}
