state={
	id=42
	name="STATE_42"
	resources={
		oil=200.000
		rubber=134.000
		tungsten=0.000
		chromium=0.000
	}
	state_category=large_city
	history={
		owner = ATL
		victory_points = { 14587 5 }
		buildings = {
			infrastructure = 0
			14587 = { naval_base = 1 }
			industrial_complex = 1
			steel_complex = 0
			aluminium_complex = 0
			arms_factory = 1
			dockyard = 1
		}
		add_core_of = ATL
	}
	provinces={
		62 207 383 410 561 579 812 1029 1045 1115 1236 1275 1468 1539 1606 2075 2183 2198 2283 2430 2468 2804 2841 2916 2951 3097 3123 3186 3339 3354 3506 3845 3872 4294 4335 4531 4644 4661 4748 4823 4840 5071 5110 5225 5355 5391 5468 5509 5622 5726 5737 5812 5860 5999 6108 6114 6200 13947 13993 14008 14020 14042 14043 14073 14080 14102 14108 14123 14134 14142 14154 14155 14156 14162 14189 14190 14196 14197 14214 14215 14237 14244 14245 14246 14247 14277 14286 14300 14308 14309 14324 14336 14337 14338 14345 14355 14356 14373 14386 14387 14394 14395 14409 14410 14411 14441 14442 14443 14444 14461 14469 14475 14503 14514 14515 14520 14532 14533 14545 14559 14579 14580 14581 14586 14587 14591 14607 14613 14632 14633 14634 14635 14644 14648 14673 14678 14679 14686 14699 14711 14725 14735 14754 14771 14775 14776 14806 14809 14810 14834 14842 14846 14847 14857 14864 14873 14877 14878 14889 14893 14905 14920 14926 14927 14931 14935 14943 14945 14946 14949 14950 14954 14959 14968 14970 14980 
	}
	manpower=1000000
	buildings_max_level_factor=1.000
	local_supplies=0.000
}