
state={
	id=43
	name="STATE_43"
	resources={
		oil=0.000
		rubber=0.000
		tungsten=0.000
		chromium=0.000
	}

	history={
		owner = ATL
		buildings = {
			infrastructure = 0
			radar_station = 0
			air_base = 0
			anti_air_building = 0
			industrial_complex = 1
			steel_complex = 0
			aluminium_complex = 0
			arms_factory = 0
			dockyard = 0
			synthetic_refinery = 0
			fuel_silo = 0

		}
		add_core_of = ATL

	}

	provinces={
		233 245 471 829 1307 1755 1843 1910 2500 2642 2682 2778 2971 3095 3103 3173 3323 3420 3777 3789 3884 4042 4343 4512 4621 4672 4687 4725 4759 4768 4976 5254 5412 5659 5734 5866 6013 6180 6182 6246 13696 13713 13770 13793 13823 13839 13849 13853 13881 13910 13933 13961 13982 14040 14041 14088 14099 14121 14151 14173 14209 14223 14257 14270 14271 14285 14297 14318 14322 14362 14370 14371 14380 14407 14408 14416 14422 14423 14424 14432 14440 14457 14467 14483 14484 14492 14500 14501 14510 14530 14531 14538 14550 14556 14561 14567 14568 14575 14584 14595 14596 14605 14610 14611 14618 14625 14638 14647 14655 14656 14659 14660 14663 14672 14684 14696 14715 14762 
	}
	manpower=500000
	buildings_max_level_factor=1.000
	state_category=town
	local_supplies=0.000
}
