state={
	id=453
	name="STATE_453"
	resources={
		oil=0
		coal=100
		aluminium=0
		rubber=0
		tungsten=0
		steel=0
		chromium=0
	}
	history={
		owner = ZZZ
		add_core_of = ZZZ
		buildings = {
			infrastructure = 1
		}
	}
	provinces={
		43 101 124 160 223 251 254 257 359 365 499 615 640 665 676 711 995 1022 1028 1203 1352 1362 1460 1471 1521 1566 1581 1674 1720 1972 2036 2070 2083 2299 2701 2742 2865 2947 3170 3193 3240 3269 3375 3609 3803 3883 3964 4087 4311 4470 4608 4943 5250 5260 5353 5453 6230 6259 6280 6319 6320 6322 6323 6328 6335 6342 6345 6348 6358 14284 14406 14491 14519 14524 14549 14923 14965 14979 14982 14991 14997 15004 15013 15015 
	}
	manpower=50000000
	buildings_max_level_factor=1
	state_category=megalopolis
	local_supplies=0
}
