state={
	id=455
	name="STATE_455"
	resources={
		oil=0
		rubber=0
		tungsten=0
		chromium=0
	}
	history={
		owner = ZZZ
		add_core_of = ZZZ
		buildings = {
			infrastructure = 1
		}
	}
	provinces={
		78 134 142 151 230 237 315 344 351 406 468 482 512 543 578 625 633 757 915 1052 1143 1157 1184 1258 1313 1475 1534 1537 1772 1798 1884 1933 2116 2311 2360 2388 2635 3028 3100 3277 3359 3367 3385 3471 3524 3935 3981 4058 4073 4158 4408 4437 4713 4736 5103 5137 5155 5317 5541 5729 5755 6273 6318 6327 14274 14353 14482 14677 14703 14723 14738 14741 14770 14831 14839 14850 14902 14912 14918 14934 14944 14975 14983 15012 15014 15017 15019 
	}
	manpower=25000000
	buildings_max_level_factor=1
	state_category=megalopolis
	local_supplies=0
}
