
state={
	id=460
	name="STATE_460"
	resources={
		oil=0.000
		rubber=0.000
		tungsten=175.000
		chromium=0.000
	}

	history={
		owner = TPP
		victory_points = {
			3337 20 
		}
		buildings = {
			infrastructure = 1
			radar_station = 0
			air_base = 0
			anti_air_building = 0
			industrial_complex = 5
			steel_complex = 2
			aluminium_complex = 0
			arms_factory = 3
			dockyard = 0
			synthetic_refinery = 0
			fuel_silo = 0

		}
		add_core_of = TPP

	}

	provinces={
		33 58 235 271 281 307 407 445 938 1253 1343 1490 1511 1713 1738 1761 1779 1979 2034 2068 2084 2170 2387 2562 2666 2749 2820 2933 3270 3271 3337 3343 3388 3509 3536 3661 3829 3973 4017 4070 4192 4232 4251 4405 4471 4488 4521 4525 4581 4705 4750 4763 4771 4781 4782 4885 4887 4964 5120 5252 5306 5350 5825 5831 5984 6038 6101 6187 6925 6964 7182 7313 7343 7405 7452 7460 7512 7513 7526 7558 7565 7584 7594 7604 7608 7615 7739 7755 7787 7788 7789 7892 7894 7895 7921 7922 7931 7932 7951 7963 7972 8008 8059 8065 8066 8067 8075 8081 8089 8090 8091 8103 8104 8121 8122 8137 8138 8147 8170 8199 8200 8201 8216 8228 8237 8263 8264 8279 8281 8308 8309 8410 8514 8515 8660 8743 10128 10191 10214 10257 10282 10304 10335 10496 10542 10566 10579 10591 10597 10629 10742 12926 12927 12943 12951 12960 12974 12997 12998 13008 13024 13029 13030 13049 13065 13082 13083 13084 13085 13126 13127 13156 13165 13183 13184 13193 13201 13222 13259 13268 13306 13311 13344 13375 13381 13390 13409 13414 13419 13420 13442 13443 13451 13485 13501 13509 13519 13520 13552 13553 13567 13580 13581 13621 13675 14065 14066 14078 
	}
	manpower=10000000
	buildings_max_level_factor=1.000
	state_category=megalopolis
	local_supplies=0.000
}
