
state={
	id=462
	name="STATE_462"
	resources={
		oil=0.000
		rubber=0.000
		tungsten=334.000
		chromium=334.000
	}

	history={
		owner = ZUK
		buildings = {
			infrastructure = 0
			radar_station = 0
			air_base = 0
			anti_air_building = 0
			industrial_complex = 0
			steel_complex = 0
			aluminium_complex = 0
			arms_factory = 0
			dockyard = 0
			synthetic_refinery = 0
			fuel_silo = 0

		}
		add_core_of = ZUK

	}

	provinces={
		35 116 117 121 123 214 266 272 300 436 479 485 525 539 557 593 595 655 663 717 720 744 777 792 834 896 914 942 952 986 991 1092 1110 1182 1204 1220 1227 1274 1294 1301 1302 1435 1552 1574 1604 1629 1638 1653 1782 1814 1832 1834 1854 1903 1909 1919 1922 1982 2002 2055 2062 2076 2112 2219 2264 2349 2385 2398 2449 2466 2507 2520 2524 2559 2605 2630 2670 2744 2748 2765 2807 2818 2930 2992 3027 3052 3057 3065 3078 3099 3153 3184 3189 3200 3236 3291 3336 3432 3461 3462 3488 3494 3504 3521 3560 3592 3603 3642 3646 3648 3649 3671 3680 3721 3762 3823 3840 3886 3896 3937 3984 4019 4054 4083 4085 4096 4114 4166 4281 4316 4322 4381 4396 4414 4421 4424 4434 4465 4479 4529 4550 4560 4568 4573 4580 4604 4635 4657 4659 4663 4671 4678 4682 4702 4803 4842 4844 4845 4907 4910 4937 4972 5020 5099 5199 5230 5286 5327 5338 5348 5400 5430 5457 5461 5473 5531 5586 5595 5597 5733 5773 5899 5914 5943 5951 6009 6043 6046 6055 6065 6074 6099 6201 6209 6223 6238 6247 6260 7808 12877 12882 12906 12941 12993 13020 13031 13045 13053 13061 13103 13104 13105 13106 13117 13133 13134 13151 13180 13205 13206 13211 13212 13215 13218 13234 13235 13256 13260 13264 13265 13272 13273 13280 13298 13315 13324 13327 13328 13349 13371 13384 13395 13396 13400 13405 13412 13424 13436 13437 13445 13467 13468 13475 13476 13503 13510 13514 13525 13526 13527 13528 13535 13541 13542 13548 13554 13562 13568 13575 13576 13577 13587 13588 13592 13595 13599 13600 13602 13605 13608 13609 13613 13622 13623 13625 13626 13627 13632 13635 13636 13637 13647 13648 13650 13654 13657 13658 13659 13663 13664 13665 13667 13668 13670 13672 13674 13677 13678 13679 13683 13684 13685 13686 13691 13693 13699 13700 13702 13703 13708 13709 13716 13720 13721 13722 13723 13724 13729 13732 13735 13736 13737 13740 13741 13743 13744 13747 13750 13751 13752 13753 13754 13755 13756 13759 13760 13762 13763 13764 13768 13769 13775 13779 13780 13781 13782 13785 13787 13790 13794 13795 13799 13800 13801 13802 13803 13804 13805 13812 13813 13814 13815 13816 13817 13818 13819 13826 13828 13829 13830 13832 13833 13834 13835 13836 13837 13838 13843 13844 13846 13847 13848 13851 13852 13858 13860 13861 13862 13864 13865 13866 13872 13873 13874 13875 13876 13877 13883 13884 13885 13886 13889 13890 13891 13892 13893 13898 13899 13900 13901 13904 13905 13906 13907 13908 13909 13917 13918 13920 13921 13922 13923 13924 13925 13929 13930 13931 13932 13936 13937 13938 13939 13940 13942 13943 13944 13951 13952 13953 13954 13958 13959 13960 13966 13967 13968 13969 13970 13975 13976 13977 13978 13979 13985 13989 13990 13991 14001 14002 14004 14005 14009 14010 14011 14014 14016 14021 14022 14023 14025 14026 14028 14029 14031 14037 14044 14046 14050 14051 14052 14056 14064 14067 14075 14076 14079 14082 14083 14091 14092 14093 14094 14103 14109 14110 14114 14115 14125 14126 14132 14135 14143 14163 14165 14185 14192 14219 14241 14292 15333 15366 15525 15685 15721 15942 16406 16651 16767 16837 17032 17177 17351 17366 17772 18045 18069 18628 18808 19166 19390 19399 19419 19425 19437 19453 19544 19581 19590 
	}
	manpower=15000000
	buildings_max_level_factor=1.000
	state_category=large_city
	local_supplies=0.000
}
