state={
	id=468
	name="STATE_468"
	resources={
		oil=0.000
		rubber=0.000
		tungsten=0.000
		chromium=0.000
	}
	state_category=town
	history={
		owner = ZUK
		buildings = {
			infrastructure = 0
			radar_station = 0
			air_base = 0
			anti_air_building = 0
			industrial_complex = 0
			steel_complex = 0
			aluminium_complex = 0
			arms_factory = 0
			synthetic_refinery = 0
			fuel_silo = 0
		}
		add_core_of = ZUK
	}
	provinces={
		306 377 458 592 703 1080 1353 1519 1820 1827 1953 2201 2241 2488 2597 2746 2920 2936 2966 3000 3004 3121 3223 3261 3409 3660 3903 4053 4109 4247 4499 4852 4919 5224 5585 5612 5666 5897 5927 5981 6022 6092 6178 6191 6991 6996 7026 7032 7041 7042 7049 7059 7060 7061 7070 7071 7114 7115 7130 7136 7137 7138 7139 7174 7175 7189 7206 7226 7227 7244 7245 7253 7259 7263 7286 7298 7299 7311 7312 7342 7360 7361 7366 7367 7396 7412 7428 7429 7430 7431 7459 7471 7477 7490 7578 7598 7685 7731 7742 7751 7771 7794 7803 7826 7869 7870 7878 7905 7906 7933 7974 
	}
	manpower=50000
	buildings_max_level_factor=1.000
	local_supplies=0.000
}
