state={
	id=490
	name="STATE_490"
	resources={
		oil=0
		rubber=0
		tungsten=0
		chromium=0
	}
	history={
		owner = ZZZ
		add_core_of = ZZZ
		buildings = {
			infrastructure = 0
		}
	}
	provinces={
		3020 3779 5383 10052 10171 13474 13827 15188 15210 15220 15268 15281 15289 15300 15400 15470 15473 15554 15558 15608 15681 15689 15849 15858 15872 15877 15950 15987 16002 16028 16109 16133 16134 16256 16271 16298 16321 16332 16345 16350 16385 16602 16606 16654 16756 16831 16863 16864 16871 16934 16973 16974 16980 17008 17010 17050 17051 17058 17090 17096 17135 17137 17142 17152 17158 17177 17210 17277 17312 17326 17332 17334 17385 17387 17405 17426 17469 17525 17624 17639 17647 17663 17717 17758 17790 17815 17881 17883 17902 17937 17940 17988 18006 18040 18072 18125 18150 18174 18201 18246 18295 18308 18310 18321 18366 18391 18397 18477 18593 18638 18707 18731 18828 18849 18949 18998 19051 19075 19175 19190 19241 19438 19441 19552 19661 19667 19700 19794 19814 19829 19856 19874 19875 19887 19890 19914 
	}
	manpower=100000
	buildings_max_level_factor=1
	state_category=wasteland
	local_supplies=0
}
