state={
	id=51
	name="STATE_51"
	resources={
		oil = 50.00
		rubber = 0.00
		tungsten = 0.00
		chromium = 100.00
	}
	state_category = megalopolis
	history={
		owner = TKZ
		victory_points = { 8864 35 }
		buildings = {
			infrastructure = 1
			dockyard = 2
			8864 = {
				naval_base = 3
			}
			industrial_complex = 3
			arms_factory = 0
			air_base = 0
			anti_air_building = 0
		}
		add_core_of = TKZ
	}
	provinces={
		75 119 174 183 209 211 283 319 328 422 513 523 623 632 657 702 707 755 762 774 871 885 919 951 1041 1055 1064 1074 1076 1150 1173 1199 1237 1252 1300 1319 1337 1417 1420 1448 1485 1601 1658 1663 1668 1675 1708 1794 1808 1811 1812 1851 1869 1921 1977 2015 2029 2060 2064 2118 2121 2178 2179 2186 2187 2245 2246 2257 2263 2350 2390 2403 2442 2459 2480 2521 2541 2621 2626 2668 2700 2725 2750 2833 2864 2909 2917 3002 3024 3029 3030 3054 3115 3131 3141 3190 3221 3227 3248 3260 3272 3321 3324 3384 3423 3429 3450 3496 3519 3538 3544 3559 3568 3647 3672 3690 3742 3756 3816 3820 3834 3867 3894 3947 3965 3982 4046 4051 4184 4255 4282 4299 4348 4355 4425 4454 4455 4508 4548 4558 4620 4647 4685 4734 4746 4751 4826 4889 4945 4953 4955 4990 5149 5177 5208 5227 5231 5239 5245 5295 5371 5397 5488 5494 5551 5615 5686 5738 5748 5848 5900 5903 5917 5946 5988 6071 6193 6216 6579 6584 6624 6629 6651 6654 6671 6709 6716 6717 6725 6747 6764 6767 6768 6769 6772 6773 6782 6787 6805 6816 6820 6821 6829 6833 6834 6838 6846 6852 6858 6869 6870 6876 6882 6890 6893 6899 6903 6904 6915 6916 6927 6928 6965 6971 6988 6992 7004 7017 7020 7043 7051 7081 7082 7096 7097 7100 7110 7117 7125 7167 7168 7169 7191 7192 7199 7200 7217 7262 7265 7278 7292 7315 7324 7350 7368 7379 7380 7381 7387 7398 7419 7445 7492 7502 7561 7580 7581 7613 7621 7625 7647 7648 7652 7665 7688 7720 7728 7729 7736 7747 7774 7798 7810 7811 7827 7841 7855 7856 7857 7887 7926 7927 7959 7960 7978 7989 8022 8028 8071 8085 8086 8087 8099 8129 8133 8212 8213 8232 8233 8257 8294 8304 8344 8374 8399 8441 8442 8454 8510 8548 8628 8629 8638 8712 8736 8737 8802 8803 8810 8864 8865 8866 8929 8940 8981 9072 9087 9140 9158 9190 9209 9289 9305 9319 9349 9379 9387 15099 15100 15101 15102 
	}
	manpower=6000000
	local_supplies=0.0 
}
