state={
	id=52
	name="STATE_52"
	resources={
		oil=0
		rubber=0
		tungsten=0
		chromium=0
	}
	history={
		owner = ZZZ
		add_core_of = ZZZ
		buildings = {
			infrastructure = 0
		}
	}
	provinces={
		27 529 641 839 1140 1141 1172 1528 1750 1763 1801 1846 1868 2006 2402 3156 3704 3856 3961 4130 4216 4446 4468 4483 4577 5021 5086 5433 5472 5499 5616 5768 5887 6774 6783 6788 6835 7101 7145 7193 7218 7231 7256 7316 7330 7337 7346 7420 7446 7447 7448 7455 7503 7524 7532 7582 7630 7680 7737 7785 7821 7828 7888 7911 7918 8011 8072 8115 8116 8246 8305 15108 
	}
	manpower=10000
	buildings_max_level_factor=1
	state_category=rural
	local_supplies=0
}
