
state={
	id=54
	name="STATE_54"
	resources={
		oil = 0.00
		rubber = 0.00
		tungsten = 0.00
		chromium = 0.00
	}
	state_category = town
	history={
		owner = ZZZ
		#victory_points = { PROV 1 }
		buildings = {
			infrastructure = 0
			#PROV = {
			#	naval_base = 1
			#}
			radar_station = 0
			air_base = 0
			anti_air_building = 0
			industrial_complex = 0
			steel_complex = 0
			aluminium_complex = 0
			arms_factory = 0
			dockyard = 0
			synthetic_refinery = 0
			fuel_silo = 0
		}
		add_core_of = ZZZ
	}
	provinces={
		17 22 85 86 95 97 144 154 161 220 221 224 264 282 284 313 337 362 378 379 389 392 402 453 454 457 463 466 484 490 500 536 542 555 558 559 572 577 591 596 602 608 647 666 673 686 712 728 735 751 785 799 820 828 833 849 866 868 879 907 923 929 954 965 1002 1054 1059 1065 1075 1083 1101 1106 1133 1134 1148 1161 1166 1171 1175 1188 1209 1214 1235 1255 1286 1311 1321 1333 1335 1348 1352 1375 1381 1382 1383 1399 1404 1422 1444 1446 1463 1466 1483 1487 1495 1499 1512 1527 1542 1543 1596 1623 1637 1655 1661 1707 1719 1723 1726 1734 1736 1741 1752 1777 1786 1789 1792 1870 1901 1920 1935 1945 1965 2003 2036 2045 2049 2061 2065 2067 2069 2115 2168 2191 2220 2228 2231 2285 2290 2329 2332 2347 2373 2386 2391 2395 2411 2425 2429 2433 2435 2460 2495 2505 2514 2527 2539 2570 2592 2607 2625 2636 2640 2648 2676 2722 2751 2752 2767 2789 2797 2800 2803 2811 2819 2824 2836 2845 2854 2878 2884 2893 2919 2925 2926 2959 2977 3033 3034 3068 3075 3096 3107 3143 3145 3150 3198 3229 3238 3246 3269 3279 3303 3318 3328 3332 3373 3380 3399 3431 3449 3451 3487 3489 3492 3537 3586 3608 3609 3626 3634 3640 3655 3674 3677 3686 3722 3736 3737 3757 3787 3788 3806 3808 3824 3839 3883 3890 3921 3944 3964 3974 3975 4015 4021 4026 4040 4055 4067 4068 4082 4117 4121 4133 4147 4152 4153 4157 4159 4164 4186 4196 4200 4203 4204 4219 4243 4250 4276 4345 4377 4419 4426 4432 4443 4513 4519 4527 4564 4572 4677 4679 4720 4754 4766 4770 4775 4790 4806 4872 4906 4935 4950 4986 5005 5026 5050 5057 5065 5068 5093 5170 5196 5251 5277 5361 5386 5392 5403 5411 5432 5485 5549 5565 5574 5620 5628 5649 5678 5692 5696 5719 5743 5753 5764 5787 5789 5795 5799 5815 5876 5925 5936 5991 6072 6117 6140 6142 6144 6163 6198 6249 6313 6316 6320 6323 6324 6328 6329 6335 6336 6339 6340 6342 6346 6347 6351 6353 6354 6356 6357 6362 6363 6365 6366 6367 6369 6372 6373 6376 6380 6382 6383 6388 6389 6391 6392 6394 6396 6397 6398 6403 6408 6409 6410 6411 6412 6413 6416 6417 6421 6422 6423 6425 6427 6430 6431 6433 6434 6437 6438 6439 6445 6452 6457 6458 6462 6467 6476 6477 6480 6489 6492 6493 6503 6506 6507 6508 6509 6511 6520 6524 6529 6536 6539 6542 6543 6544 6549 6550 6551 6571 6572 6575 6580 6581 6586 6591 6592 6596 6602 6603 6608 6609 6612 6631 6632 6636 6637 6644 6655 6656 6661 6665 6673 6678 6683 6689 6692 6693 6696 6700 6701 6702 6721 6727 6732 6733 6741 6742 6756 6757 6759 6760 6765 6776 6794 6798 6799 6806 6807 6822 6828 6839 6840 6841 6847 6848 6854 6859 6860 6872 6878 6879 6888 6905 6906 6907 6911 6918 6934 6935 6940 6942 6945 6946 6972 6973 6980 6981 6982 6989 6997 7007 7028 7035 7067 7072 7083 7088 7089 7098 7121 7126 7150 7151 7184 7194 7246 7247 7248 7267 7293 7294 7304 7305 7306 7325 7331 7339 7351 7352 7382 7383 7389 7400 7407 7466 7480 7484 7505 7506 7542 7548 7614 7626 7632 7694 7695 7711 7712 7721 7754 7764 7812 7813 7822 7873 7901 7902 7929 7947 8003 8030 8031 8039 8080 8118 8153 8154 8184 8234 8253 8272 8313 8384 8422 8463 8494 8495 8530 8537 8578 8586 8656 8738 8868 8920 8982 9030 
	}
	manpower=100000
	local_supplies=0.0 
	state_category=town
}
