
state={
	id=551
	name="STATE_551"
	resources={
		oil=0.000
		rubber=0.000
		tungsten=0.000
		chromium=0.000
	}

	history={
		owner = ZUK
		victory_points = {
			10329 30 
		}
		buildings = {
			infrastructure = 0
			2881 = {
				naval_base = 3

			}
			radar_station = 0
			air_base = 0
			anti_air_building = 0
			industrial_complex = 0
			steel_complex = 0
			aluminium_complex = 0
			arms_factory = 0
			synthetic_refinery = 0
			fuel_silo = 0

		}
		add_core_of = ZUK

	}

	provinces={
		112 276 371 394 541 652 713 756 1120 1257 1416 1438 1709 2151 2318 2377 2399 2412 2496 2538 2677 2794 2834 2838 2881 2902 2967 3012 3070 3114 3154 3329 3507 3615 3718 3771 3858 4129 4170 4278 4648 4810 5035 5070 5078 5176 5287 5294 5402 5510 5567 5639 5804 5881 6183 9945 9951 9966 9998 10023 10041 10050 10063 10064 10065 10088 10095 10106 10111 10119 10125 10137 10142 10161 10162 10170 10177 10194 10204 10211 10212 10218 10219 10227 10228 10229 10243 10249 10250 10255 10256 10266 10267 10274 10281 10297 10298 10302 10313 10314 10329 10347 10348 10351 10359 10365 10376 10383 10387 10394 10398 10399 10402 10410 10426 10438 10449 10459 10484 10493 10502 10526 10527 10541 10558 10577 10587 10588 10589 10590 10636 
	}
	manpower=7500000
	buildings_max_level_factor=1.000
	state_category=city
	local_supplies=0.000
}
