state={
	id=567
	name="STATE_567"
	resources={
		oil=0.000
		rubber=0.000
		tungsten=0.000
		chromium=0.000
	}
	state_category=city
	history={
		owner = ZUK
		buildings = {
			infrastructure = 0
			radar_station = 0
			air_base = 0
			anti_air_building = 0
			industrial_complex = 0
			steel_complex = 0
			aluminium_complex = 0
			arms_factory = 0
			synthetic_refinery = 0
			fuel_silo = 0
		}
		add_core_of = ZUK
	}
	provinces={
		481 496 565 671 819 1044 1338 1603 1743 1785 1797 1809 1906 2812 2932 3071 3443 3712 3850 3851 3862 4030 4146 4189 4197 4305 4526 4605 4615 4654 4883 4916 4926 4938 5096 5182 5259 5300 5316 5382 5517 5532 5682 5698 5847 6011 6241 7553 7661 7674 7678 7727 7733 7743 7784 7795 7796 7817 7818 7838 7845 7846 7853 7863 7879 7886 7899 7907 7908 7944 7945 7958 7986 8020 8021 8025 8036 8048 8049 8056 8057 8063 8070 8076 8093 8094 8095 8107 8126 8127 8128 8142 8143 8161 8162 8163 8164 8176 8191 8192 8210 8211 8221 8222 8231 8243 8244 8268 8269 8285 8293 8321 8322 8328 8329 8343 8381 8391 8392 8430 8439 
	}
	manpower=7500000
	buildings_max_level_factor=1.000
	local_supplies=0.000
}