state={
	id=58
	name="STATE_58"
	resources={
		oil=0.000
		rubber=0.000
		tungsten=0.000
		chromium=0.000
	}
	state_category=megalopolis
	history={
		owner = NUI
		#victory_points = { PROV 1 }
		buildings = {
			infrastructure = 1
			2940 = {
				naval_base = 1
			}
			radar_station = 0
			air_base = 0
			anti_air_building = 0
			industrial_complex = 5
			steel_complex = 3
			aluminium_complex = 2
			arms_factory = 1
			dockyard = 1
			synthetic_refinery = 0
			fuel_silo = 0
		}
		add_core_of = NUI
	}
	provinces={
		26 71 94 139 143 238 250 320 357 388 400 417 420 434 441 459 461 488 533 535 581 587 642 748 753 778 873 874 916 928 979 1118 1127 1139 1194 1238 1240 1249 1265 1283 1480 1520 1525 1556 1646 1650 1688 1712 1716 1725 1739 1991 2007 2028 2035 2037 2097 2108 2130 2149 2256 2431 2530 2553 2556 2634 2743 2806 2823 2940 3009 3073 3106 3132 3209 3287 3306 3419 3425 3484 3499 3512 3566 3611 3631 3697 3880 3990 4032 4185 4326 4363 4365 4416 4435 4530 4627 4637 4651 4709 4787 4893 4968 5090 5151 5205 5270 5822 5859 6019 6236 12448 12472 12559 12622 12657 12705 12778 12783 12784 12822 12853 12868 12880 12890 12936 12959 13012 13063 13080 13087 13099 13138 13191 13339 13363 13364 13484 13565 13726 13894 14017 14055 14160 14187 14255 14302 14473 14604 14609 14739 14788 14872 14904 14948 14951 14976 14988 14998 15000 15001 15005 15010 15016 
	}
	manpower=75000000
	buildings_max_level_factor=1.000
	local_supplies=0.000
}