state={
	id=63
	name="STATE_63"
	resources={
		oil=0
		coal=0
		aluminium=0
		rubber=0
		tungsten=0
		steel=0
		chromium=0
	}
	history={
		owner = ZZZ
		add_core_of = ZZZ
		buildings = {
			infrastructure = 0
		}
	}
	provinces={
		1462 2320 2338 3393 3833 9266 9320 9395 15194 15206 15212 15259 15271 15277 15282 15286 15349 15410 15427 15458 15490 15498 15630 15654 15666 15679 15684 15744 15768 15778 15793 15832 15859 16025 16037 16048 16058 16085 16132 16172 16180 16192 16193 16249 16263 16327 16374 16383 16393 16404 16415 16417 16423 16585 16669 16679 16713 16761 16783 16797 16805 16820 16825 16836 16869 16923 16967 16977 16996 17019 17045 17104 17157 17161 17207 17236 17338 17357 17381 17586 17599 17605 17631 17701 17703 17707 17708 17821 17870 17999 18060 18123 18141 18282 18285 18297 18380 18410 18452 18487 18522 18587 18619 18631 18718 18806 18841 18969 19076 19173 19204 19221 19222 19225 19228 19233 19246 19256 19262 19278 19296 19297 19443 19460 19461 19464 19490 
	}
	manpower=10000
	buildings_max_level_factor=1
	state_category=town
	local_supplies=0
}
