state={
	id=64
	name="STATE_64"
	resources={
		oil=0
		rubber=0
		tungsten=0
		chromium=0
	}
	provinces={
		30 128 131 222 240 268 296 304 381 397 437 444 501 507 534 547 619 710 723 775 808 826 1009 1233 1280 1298 1340 1517 1654 1678 1687 1721 1722 1760 1790 1978 2104 2157 2248 2255 2558 2571 2633 2775 3087 3203 3283 3289 3397 3522 3623 3978 4171 4246 4403 4461 4601 4696 4839 5007 5125 5192 5296 5685 5740 5846 6001 8831 8867 8910 8930 8993 9028 9029 9077 9200 9265 9306 9423 9609 9697 9793 9904 9970 10164 10270 10271 10272 10325 10363 10457 10464 10664 
	}
	manpower=17000000
	buildings_max_level_factor=1
	state_category=town
	local_supplies=0
}
