state={
	id=679
	name="STATE_679"
	resources={
		oil=0.000
		rubber=100.000
		tungsten=0.000
		chromium=0.000
	}
	state_category=large_town
	history={
		owner = ATL
		buildings = {
			infrastructure = 0
			industrial_complex = 1
			steel_complex = 0
			aluminium_complex = 0
			arms_factory = 0
			dockyard = 0
		}
		add_core_of = ATL
	}
	provinces={
		114 164 177 218 620 1287 1491 1538 1968 1970 2205 2641 2769 2830 2915 2937 3119 3268 3404 3567 3770 3849 3931 3956 3980 4168 4190 4393 4395 4792 4807 5158 5271 5525 5588 5956 6174 13022 13056 13070 13071 13109 13162 13192 13221 13228 13250 13283 13284 13305 13310 13321 13322 13323 13341 13342 13343 13354 13366 13374 13387 13388 13389 13426 13427 13448 13449 13450 13461 13462 13498 13499 13507 13508 13518 13539 13551 13578 13579 13590 13606 13629 13630 13631 13642 13643 13660 13661 13673 13697 13698 13706 13714 13715 13734 13748 13749 13771 13772 13773 13784 13797 13810 13825 13841 
	}
	manpower=334000
	buildings_max_level_factor=1.000
	local_supplies=0.000
}
