state={
	id=69
	name="STATE_69"
	resources={
		oil=0
		rubber=0
		tungsten=0
		chromium=0
	}
	history={
		owner = ZZZ
		add_core_of = ZZZ
		buildings = {
			infrastructure = 0
		}
	}
	provinces={
		3 14 23 32 36 39 52 55 64 77 92 104 110 115 125 133 135 156 171 172 180 195 213 232 234 239 242 244 246 262 269 270 288 290 293 309 311 314 316 329 330 341 346 356 361 368 384 387 390 391 395 398 399 409 411 421 424 425 429 431 439 443 449 450 452 455 467 469 474 486 487 521 538 546 562 569 580 585 589 600 609 616 649 651 662 670 674 688 701 706 715 718 730 732 741 747 749 763 780 787 789 797 803 806 807 809 810 821 822 844 850 853 864 890 899 902 905 922 931 933 934 945 946 947 955 957 972 974 982 994 996 1000 1001 1008 1020 1024 1056 1066 1070 1081 1086 1089 1105 1114 1117 1119 1125 1129 1132 1135 1136 1155 1160 1165 1167 1181 1185 1191 1195 1198 1202 1205 1208 1217 1246 1268 1278 1284 1292 1296 1297 1306 1309 1310 1346 1347 1355 1358 1365 1372 1373 1379 1393 1398 1406 1408 1419 1429 1431 1439 1476 1479 1481 1486 1489 1496 1497 1500 1501 1516 1529 1531 1558 1562 1567 1573 1583 1591 1592 1595 1600 1614 1660 1662 1667 1671 1673 1679 1690 1706 1710 1732 1737 1747 1757 1823 1839 1850 1853 1863 1882 1890 1908 1937 1948 1952 1957 1962 1964 1989 1990 1997 2013 2027 2042 2048 2050 2080 2134 2143 2160 2184 2199 2237 2238 2247 2251 2253 2274 2282 2287 2292 2326 2345 2361 2364 2366 2376 2405 2407 2416 2436 2455 2471 2506 2513 2526 2534 2540 2545 2547 2572 2594 2595 2596 2601 2604 2614 2639 2654 2681 2716 2720 2728 2736 2740 2754 2763 2766 2770 2791 2793 2796 2798 2805 2817 2858 2885 2961 2968 2990 3019 3022 3031 3038 3086 3104 3108 3133 3137 3161 3164 3196 3202 3211 3224 3230 3253 3254 3275 3281 3313 3357 3361 3369 3390 3391 3444 3464 3501 3515 3525 3551 3569 3589 3598 3607 3622 3638 3689 3692 3726 3733 3734 3750 3752 3782 3784 3790 3810 3827 3830 3848 3861 3924 3926 4027 4034 4045 4094 4124 4144 4183 4191 4220 4242 4244 4272 4274 4312 4373 4376 4385 4415 4422 4440 4441 4445 4469 4474 4536 4537 4552 4555 4636 4846 4921 5006 5009 5063 5084 5126 5150 5165 5171 5190 5198 5232 5263 5289 5291 5379 5387 5421 5422 5428 5443 5454 5459 5514 5518 5578 5618 5741 5758 5759 5774 5855 5915 5928 5973 6008 6017 6027 6060 6125 6152 6167 6172 6215 6252 6368 6370 6371 6374 6375 6378 6379 6381 6384 6385 6386 6387 6390 6393 6395 6399 6400 6401 6402 6405 6406 6407 6414 6415 6418 6419 6420 6426 6428 6436 6442 6443 6444 6447 6449 6451 6461 6470 6475 6487 6496 6497 6502 6505 6510 6515 6523 6527 6534 6535 6547 6554 6558 6562 6574 6611 6619 6625 6630 6634 6642 6643 6652 6658 6659 6677 6680 6681 6688 6691 6695 6710 6720 6726 6748 6755 6775 6784 6790 6817 6827 6830 6836 6853 6874 6875 6877 6883 6884 6917 6933 6952 6953 6958 6959 6979 6993 7022 7044 7066 7102 7148 7149 7177 7208 7266 7279 7288 7303 7369 7388 7399 7421 7422 7439 7440 7449 7464 7465 7498 7504 7516 7546 7547 7562 7588 7631 7653 7654 7666 7675 7681 7700 7753 7778 7872 7889 7890 7928 7936 7968 7990 8002 8029 8038 8117 8145 8167 8183 8205 8206 8271 8356 8383 8443 8462 8493 8522 8647 8655 8675 8697 8878 8919 9051 9112 9176 9279 
	}
	manpower=67000000
	buildings_max_level_factor=1
	state_category=town
	local_supplies=0
}
