state={
	id=752
	name="STATE_752"
	resources={
		oil=0
		coal=0
		aluminium=0
		rubber=0
		tungsten=0
		steel=0
		chromium=0
	}
	history={
		owner = ZZZ
		add_core_of = ZZZ
		buildings = {
			infrastructure = 0
		}
	}
	provinces={
		126 137 229 342 606 897 936 949 1170 1570 1765 2005 2139 2307 2346 2392 2410 2483 2487 2679 2735 2821 2891 2952 3035 3212 3251 3350 3370 3523 3766 3873 3994 4008 4148 4155 4215 4304 4317 4328 4387 4409 4606 4779 4799 4802 5001 5022 5058 5203 5356 5359 5437 5515 5593 5763 5819 5924 5989 6018 6104 12755 12761 12765 12768 12781 12793 12803 12804 12817 12827 12844 12847 12858 12884 12886 12892 12901 12917 12922 12930 12939 12940 12946 12947 12958 12972 12976 12977 12978 12979 12983 13001 13002 13009 13015 13016 13036 13042 13059 13066 13073 13074 13075 13076 13091 13092 13096 13101 13114 13115 13132 13141 13142 13143 13144 13158 13167 13178 13179 13194 13195 13196 13202 13203 13225 13241 13254 13255 13261 13290 13296 13297 13307 13313 13334 13368 13369 13370 13421 13422 13455 
	}
	manpower=1000000
	buildings_max_level_factor=1
	state_category=pastoral
	local_supplies=0
}
