state={
	id=796
	name="STATE_796"
	resources={
		aluminium=0
		steel=0
		oil=0
		rubber=0
		tungsten=0
		chromium=0
	}
	provinces={
		15187 15196 15305 15313 15314 15333 15334 15366 15380 15428 15485 15510 15514 15525 15604 15611 15623 15638 15685 15708 15721 15745 15790 15851 15867 15914 15942 15944 15949 15966 15979 15995 15996 16003 16142 16159 16173 16185 16210 16244 16264 16291 16306 16310 16399 16406 16428 16539 16541 16569 16651 16705 16741 16767 16796 16822 16834 16972 17027 17030 17117 17127 17206 17263 17284 17301 17302 17308 17317 17349 17351 17366 17374 17413 17476 17538 17562 17568 17606 17652 17681 17693 17723 17740 17800 17880 17954 17984 17987 18030 18038 18045 18065 18106 18180 18185 18188 18212 18248 18313 18332 18345 18351 18365 18409 18416 18418 18482 18498 18516 18518 18523 18532 18564 18592 18594 18628 18697 18715 18750 18773 18800 18808 18846 18948 18953 18992 19007 19024 19083 19094 19159 19166 19209 19249 19257 19268 19285 19290 19299 19303 19333 19336 19390 19399 19425 19437 19453 19504 19513 19544 19575 19581 19588 19590 19763 19766 19779 
	}
	manpower=100000
	buildings_max_level_factor=1
	state_category=pastoral
	local_supplies=0
}
