state={
	id=879
	name="STATE_879"
	provinces={
		312 520 549 953 1005 1192 1290 1304 1387 1432 1549 1686 1787 2018 2103 2688 2721 2738 3044 3345 3755 3794 4013 4111 4314 4509 4539 4965 4971 5116 5319 5322 5672 5769 6007 6168 6181 11141 11155 11165 11166 11180 11181 11205 11214 11215 11228 11245 11246 11257 11263 11272 11282 11283 11284 11308 11314 11315 11333 11334 11335 11344 11370 11391 11392 11418 11436 11456 11457 11472 11484 11492 11510 11511 11524 11525 11528 11537 11538 11560 11565 11566 11574 11583 11584 11585 11595 11621 11633 11642 11654 11671 11689 11698 11716 11732 11753 11773 11774 11816 
	}
	manpower=0
	buildings_max_level_factor=1.000
	local_supplies=0.000
}
