state={
	id=904
	name="STATE_904"
	provinces={
		15213 15238 15248 15340 15367 15377 15511 15544 15561 15571 15585 15586 15593 15614 15673 15730 15759 15761 15782 15791 15797 15831 15836 15837 15876 15883 15912 15931 15932 15956 15980 16020 16045 16067 16111 16144 16231 16234 16250 16266 16287 16294 16315 16353 16397 16453 16456 16458 16488 16513 16574 16576 16596 16603 16611 16621 16666 16676 16691 16707 16743 16758 16773 16778 16814 16826 16840 16873 16875 16877 16917 16930 16955 16968 17007 17018 17036 17039 17046 17053 17077 17080 17174 17227 17229 17253 17255 17269 17287 17295 17322 17327 17399 17410 17424 17435 17526 17541 17590 17628 17650 17679 17697 17711 17722 17809 17813 17828 17833 17842 17905 17916 17918 17941 17942 17951 17953 17989 18049 18053 18102 18109 18115 18184 18196 18235 18240 18242 18243 18244 18305 18323 18369 18400 18405 18441 18461 18469 18480 18488 18494 18554 18588 18597 18698 18734 18739 18752 18804 18830 18850 18881 18902 18907 18908 18920 18925 18927 19011 19027 19047 19058 19071 19090 19103 19129 19145 19149 19150 19153 19155 19157 19158 19164 19182 19183 19184 19185 19196 19197 19199 19200 19202 19203 19206 19207 19211 19215 19216 19217 19218 19219 19220 19226 19231 19232 19238 19242 19244 19245 19247 19251 19252 19254 19255 19259 19266 19275 19282 19287 19305 19350 19555 19570 
	}
	manpower=0
	buildings_max_level_factor=1
	local_supplies=0
}
