state={
	id=905
	name="STATE_905"
	resources={
		oil=0
		coal=0
		aluminium=0
		rubber=0
		tungsten=0
		steel=0
		chromium=0
	}
	history={
		owner = ZZZ
		add_core_of = ZZZ
		buildings = {
			infrastructure = 0
		}
	}
	provinces={
		147 15189 15330 15376 16412 16463 16524 16924 17602 17625 18940 15163 15176 15249 15272 15378 15397 15447 15482 15574 15581 15605 15633 15656 15658 15695 15696 15734 15840 15856 15881 15902 15904 15921 15978 15991 16004 16039 16070 16164 16169 16213 16224 16259 16275 16317 16344 16365 16381 16398 16455 16502 16575 16636 16638 16686 16693 16701 16742 16794 16890 16904 16915 16932 16975 17035 17108 17217 17252 17318 17330 17362 17505 17563 17600 17705 17731 17746 17784 17805 17908 17972 17994 18100 18113 18119 18142 18172 18257 18276 18303 18389 18414 18472 18599 18637 18737 18776 18844 18877 18906 18984 19010 19132 19151 19189 19223 19235 19236 19239 19240 19264 19271 19274 19277 19286 19292 19300 19302 19395 19401 19427 19439 19603 19631 19843 
	}
	manpower=100000
	buildings_max_level_factor=1
	state_category=pastoral
	local_supplies=0
}
